5928 286826 132660 55957 91750
5894 10256
57332 4299 4298
930 7409 5295
6657 5080
79075 63922 5111 11169 114799 1663
6628 8487 6633 6632 6635 6634
5331 9351 9170
1869 5925
4088 6497
2956 4436
9146 10254 9610
23028 367
92609 3284 56993 100287932
10026 128869 51604 8733 94005
594855 10815 6809
3350 2849
931 2534 3932
9804 51295 4722
9555 8405 8452
5901 3837
8029 2694
140809 5052
5311 5314
51028 84313 11267
5295 5290
7189 6885
84262 389362
10369 2890 10947
1869 5925 1786 3065
2935 2107 5976 23049
2339 2342
92482 123016 585
648 1912 6015 6045
898 1874 5933
10066 9522
7514 332
3786 3785
59348 5932 672
5829 2017 50807
81 9146 10612 4645
5595 9759
7706 23586
81620 51053
60 5430 6908
51564 604
80184 9738
10055 10054
1111 8451
2057 2056
10060 3767
2770 89958 29899
6907 6500 6477 27101
11315 6622
3690 7052 2335 3674
3351 3352
5771 3672 3688
367 207 26060
10445 11007
9612 3516 3065
4361 10111
123720 29984
7157 7874
4846 857
23286 4771
672 10111
6513 119 2039
5781 5156
25942 23186 5978
23468 4152 6839
146057 22897
3185 3187 58155 5725
2549 53358
2002 6722 2005
4088 4089 6667
3430 9111
7220 3708 387
23770 596
832 64398 30011 55114 10207 154796 23607 829
1788 29947
2078 2114
1911 648 1912
3690 4323 8038 3685
4085 8379
6788 60485
604 10014
51248 144100
925 3932
64854 57599
22897 22873
10011 8648
3716 9021 5781 8543 3572
7089 7088
57805 284695
3148 2923 3312 2597 3146
23513 57216
9113 261734
3688 3680
57805 63925 56946
10892 7186
4719 4698 374291 4729 55967 4731 4695 4728 4701 4724 4726 4720 4723 4722 51079 126328
4535 51103
11198 6749
3621 5111
6778 27044 1660
2963 2962
3690 3685
5950 7276
6789 60485
2561 2554 2566
57332 6015 22955 3303 1911 8467 6045 84733 648 1912 80012 8535
10613 11160 81790
8317 10926
8802 8803
657 652 650
2770 4926 29899
8408 22863 9776 5289
2189 2188 2176 2175
997 8454 9978
154 9368 1080
1875 7027 5934
8518 55250 55140
1815 8452 59349
7750 7341
3560 3559 3558
1739 143098 8825
5378 4292
5714 5700 5711 10213 9861 5708 5709 5719 5718 5717 5716 5715 5707 5713 5701 5702 5710 5704 5705 5706
5108 585 22994
3185 3187
4088 10401 2033
3737 3736 57142 8506
6595 4204 6605
2889 5156 1399 1398
3350 1901
2648 1810 11091 10474 57325 112869 26009 51562 55689 6871
5896 5897
1431 23118 10454
672 7415
1793 9844
51626 140735 55112 79659 8655 255758 6990 6993 83657 23386 89891 83658
5074 23621
8125 6418
6185 6184 3703 1603 84061 1650
3689 967 3684
23246 55759 23481
9328 9329 2976 9330 2975
3693 3685
6854 6853 9475 60 5217 10787 1759 3312 23191
8539 2247
3778 154
5052 55361
3091 10956 112399
5452 7091
5885 9126 8243 23244 23047 113130
10048 64795 10296 25852 4289
7517 5889
10048 5361
10787 55845 10163 10006 23191
7528 4851
7538 192670
26580 23175
4323 3685 7040 3696
54331 5745 2782
9457 8676
27 3265 9610
5611 3337 3312
10664 6418
7040 7048
2932 58497
3688 3676
25 672
2767 975 9289 2776 2782
2770 4543 8601
672 8543 5932
5873 3831 94120
5009 56993 9804
5001 4998
9131 5478
118813 3799
23443 4249
51361 27072
5450 5451
10923 3172
6627 6434 6625 23524 10250
8349 8338 1791 30836
9229 1742 85358
329 7186
6773 6772 10379
5519 5518 51400 5515 1973
919 259197
10857 22937
7048 7043
8773 10228
151987 5531
1385 9457
2926 60493 22868 22907 55794
54583 3091 10956
2099 857 7416
8841 29123
324 1742
79643 27243 25978 5119 57132 51510 51652 128866 92421 29082
2547 3014 1660
6839 1875 2033 3065 5934
7052 2335
4908 4804
9184 699
1616 55929 1786
100287932 10245
64601 64400
11154 23431 10717 9179
573 3312
26276 63894
5925 93621 10933
7514 10073 5901
3551 1147 841 8915
9076 4313
3609 57510
6444 6445 6442 6443 8082
4686 63941
1499 1500 154796 1009
5595 3838 7431
23443 11282
4055 4049 4050
26277 65057 7013 25913
4088 672
1499 8727
207 8115
5362 10048
166379 8195 7203 55212 79738 6950 10575 10576 22948 10694
1739 320 8825 8573
3655 3691 6464 2885
3265 10125 8525
9869 55729
55559 54801 79441 115106 23354 219072 55142 93323
23513 3993
12 1511
3837 3838
2277 8828
604 57504 53615 3065 1108
130340 1174 10053 164 8905 8907 8906 162
23587 55250 54859 55140 26610 8518
9517 55304 10558
5925 5987
51678 8825
5432 5433 5430 5431 5436 5437 5434 5435 5438 5439 5440 5441
1003 50855
81929 79726 6396 84219 54468
150684 5970 4792
183 5553
2155 2159 2152 7035
988 23451 10286 10992 3608 10262 6925 6427 5499 6627 6626 10250 6633 3312 6634 5591 5356 6426 6632 6421 51503 9814 7153 1778 8493 10985 27339 22828 9689 27316
861 865
3597 26146
8658 7013 26277
6272 4804
3753 3757
208 57630
5810 3364 144715
3483 3479 3486
3757 10280
405 3131
6780 1994 10642 4904 6194 6154 3192 10492 1660
56479 3786
203286 27031 284086 27130
8991 2876
1786 10919
23779 663
4149 4084
7516 5888
25855 51742
5577 26292 8165
55212 27241 582 583
64601 84376
56262 55144
6874 6883
11339 55320 54069
9076 4323
10048 91584
8467 3066
348 5621
5594 9759
118813 9230
4088 64750 6498
27429 9113 331
3181 10728 10016
6117 6118 6119
8943 10239
10006 10163
63929 7124 7133
4647 79955
2033 4086
1176 8943
1176 8943 26985 10239 8546 10947 8120
4296 57630
487 6588
673 10256
3690 5829 3685 2185
5970 4792 5966
10273 3303 4842
4691 142 7088 7155 4869 3308 4841 10111
6327 6326
7089 8450 1642
6416 409 5602
4175 708 4171 4173 4000 4001 3024 5925 140836 5934 3192 9111 2010 79595
7249 7248
3297 3298
1437 1438 1439
9367 10226 3482
3481 3485
6502 8945 7465
2983 2982
84342 9382
27040 5336
6905 203068 6904 402
2275 2274
652 57045
672 580
8773 8676 6844
1615 2058 9255 4141 9521 3376 7965 51520 3735 5859 5917
6015 84759 6500 54880 84678 23429 6045 3312
2064 6464 51072
1478 1479 1477
5000 23595 4999
26993 10788 5970 1147 79155
1050 3175
79947 116150
641 7156
8624 56984
55929 9628 1786
23363 83987 26259 23113 7157 9820 9978
990 84515 4999
6717 25801
10971 25937
9744 1213 6517
2353 2114 3725
3725 467
1956 10254 9610
54806 9001
5684 3312 3300
59341 6786
6426 4171
22796 25839 83548
868 1956 30011
10291 8175 10946
891 10928 160 8650 29924
3456 3454 3455
23592 4087
861 55352 865 10419
7273 8557
22938 9612 3516
10870 22914 100507436
331 10456
128312 4869 142 3309 811 3014 22907
5216 1213 3312 71 347733 7415
3364 5983 5984 5985 5883 5982 5884 5810
4734 55361
23190 29979 7415
10155 5077 83933
823 3326
84148 10933
5159 5155
51720 672 84142 580
7852 2771 3480 2782
3320 63943 1026
55072 81858 10616
164 5045 55690
2060 85439
3351 3350
6257 7068
1616 8312
5530 4306 8648
5970 5966 4793
55081 57560 26146 26160 76779 90410
3621 9768
9793 6867 6790
894 1021
208 8115
10048 54737 54994 4289
3184 26986 3312 3303 1981
5331 56288 50855
9341 8675 8674
641 4361 4683 7158 22976 10111
10189 10921 4116 9775 9939 65109 10250 7919
8818 8813 54344
7014 7486
4751 79858
3516 4851
123169 54623 9646 79577 80349
4904 207
118813 8766
11315 5071 65018
9156 5111 4292
8743 8795
6804 10815 6616 6844
60561 5714 9183
3694 2335 2534
2209 4067 5336
80063 6667
6886 5925 6929 4005 8861
7336 7334
1356 4353
80223 8766
1956 2064 5287 5286
23704 3784
55802 167227
23363 83987 9820
1111 8454
118813 64225
10010 7186 7187
8481 123811 9851
4830 58497
22944 6117 5111
11073 83695
25923 65055
7157 641 2956 4436 5888
4306 8648 7329
1499 28514 1000
23443 4245
66008 8473 22906
10664 3836 4869 142 4000 7153 3015
3320 4846
6253 6683
4513 2597 51295 51103 7189
79658 1495
3579 7532
3566 3565
9325 84164 10973 51008
4224 4225
11016 6883
8925 7249
8910 857 1605 4846 7402
9896 9627 200576
4089 51592
4808 4005 8861
2932 2305 8312
2260 152831
5289 30849
10367 221154 91689 90550 55013
10008 3784
80333 3752
5499 5514
4233 3082
7913 10250 10921 10189 9939
118813 9217
983 891
84661 10155 6598 6599 10284 6709 6601 23186 3065 90665 60 4001 9111 140836 5934 5933 79718 8841 29079 2010 1108
11282 7355
2908 3192
5476 4758 2720 2588
9992 3784
29882 996 29945 51434 8881 51433 8697 64682
6810 6845 6843
5356 988 27339 10286 3312 10985
8829 3688
10891 6429 6431 6430
8408 9776 9821
54700 84172
2737 22873
30011 6456
64225 65055
892 1018
5289 7405 8678 30849 596
55832 8451 9978
633 652
2264 152831
11200 25842 8208 4678 6767 55723
4436 5111 5395 4292
10207 64398 23418
8829 23129
89781 3257
3690 3674
60561 10445
22954 84662
6118 6119 55120 7156 6117 641 2176 2175 2189 2188 2178
10952 7353 7415
9630 9138
9564 4867 261734
1789 29947
4175 4176 4171
472 4683
87 29780
1911 648 6015 8535
3688 23428
118813 25923
23426 2099
7516 5892
80153 1656 23644 167227 55802
64769 51147 79960 11143
10466 91949
6446 10971 4137
5818 51248
92335 6794 51719
5371 7750
3224 4091
6657 5451
5810 3364 5883
6688 6908
4088 9372 5371 4087
3593 3592
4361 4683 580 11073 571 672 5932 10111
2308 23411 2274
5245 11331 292 10456 7417
8773 6804
7874 4193
51692 53981 29894 10898
26580 10555
8467 11176
7203 908 6950 10574 10575 10576 22948 10694
80149 340152
641 9519
7088 57057
92609 100287932
23673 6616 6844
26277 7014 25913 54386
801 3836 815 488
3694 3685
1040 80198
3066 23186
27185 5142
166379 8195
3655 3688
6340 6338 6339
3717 3595
10452 351
10482 5901 30000
10250 10594
5283 5277 5279 9091
6789 6788 9231
991 4085
7324 56254 9810
495 496
8928 4087
8825 8573
81 815 57554
81 9368
4088 8312
4435 3661
9768 5111
7088 8820
3480 2099 6464
25929 8487
1500 84662
4175 4176 4173
23013 3516
10203 10267
1147 3551 4792 5970 9020 8518
140803 54822
27185 22891
1605 859
3066 545
4803 4804
3306 7917
5994 5993 8625
2934 58497
6594 51773
320 55327 8573
23767 23284
79760 11171 79833
80212 22897
85458 4216 8312
2811 7450
7189 6714 8792
832 829
10287 4914 10755
3064 4218 10133
9014 9015 6908 9013
2547 7520 6117 6118 7158
6595 6598 6599 6601 6602 6605 86 8289
5069 5553
10664 4869
9343 6595 6598 6599 10284 3066 6601 9219 6880 8467 3065 6878 53981 6872 11091 25942 8189 4297 23028 1107 5901 53615 5931 6908 5928 5929 8819 6883
9656 3014 7158
3654 11213
6279 6280
573 3303
3690 1293 3678
