51428	6627
3958	6632
5530	8648
4720	51079
5437	5440
8697	8881
1017	5983
5704	5717
5071	65018
126328	4698
1108	5933
51520	9255
1399	2889
60	6853
100287932	92609
6156	6205
6595	6872
11091	5928
55072	7124
6426	988
2597	3146
23451	9689
2648	57325
11198	51773
2963	2968
3312	6427
167227	80153
4726	4729
10574	10575
6124	6128
118460	5393
1791	30836
22894	51013
3192	8826
51639	83443
1912	84733
3685	7040
10717	11154
7067	9862
6637	9092
23186	8841
5928	6601
2873	51514
5966	79155
51503	8493
5781	9021
53981	9219
27335	8663
10250	23398
4734	9138
4694	4696
51691	7067
29079	7421
10239	388552
5966	9919
25949	58509
5437	5439
27031	284086
4792	4793
55144	80131
6632	79595
10155	6709
23450	8841
1176	63915
1655	8220
23557	8943
115106	55559
50855	56288
5709	5715
22954	84662
6427	7153
5700	5718
1108	6709
114823	26512
4728	4729
6141	6170
1810	51562
4792	6128
2962	9412
6045	80012
6632	8539
10053	8907
10048	64795
1024	5469
2770	89958
8289	8819
23325	85440
2963	5433
5933	90665
2534	931
3065	6878
3304	7764
5434	6502
5717	9861
3024	5925
1108	23199
2188	641
1174	130340
3551	8737
6143	6224
27316	6634
25873	6132
1655	3309
8220	9416
2963	6908
11091	6872
26228	8454
51003	9967
23016	56915
3181	3183
5711	5716
128866	29082
10025	51586
2178	2188
53615	5929
112936	55737
347733	5216
10155	4001
5705	9861
5929	8451
10891	53981
10189	4116
6601	6878
51295	9804
50628	6634
6426	7153
3192	8539
55215	7398
10450	988
11198	22837
3297	3298
56647	7529
64769	7862
2335	3250
2091	6156
2956	8295
3551	55072
1642	9343
3065	8289
25896	7979
2960	2965
8665	8669
1108	9111
583	585
6993	89891
23047	5885
3065	84962
10362	3066
81857	9412
8666	8667
4686	63941
5977	6597
11218	1207
27316	7153
4792	6156
10318	7124
10401	2033
6601	90665
10213	5717
3191	8539
203068	9343
51258	64976
5436	5439
10318	55072
10236	57461
6132	8517
11016	6883
22938	3516
5982	6117
6634	6925
56647	60
27335	51386
10283	10569
10284	6872
10286	27316
146057	22897
4175	708
22894	54512
142	5424
3304	55758
5591	6633
10014	604
5499	6421
5499	6632
5982	890
5217	60
6133	6194
5716	5718
11091	6908
4722	51079
1108	8932
51719	6794
10419	8487
9328	9330
3066	51317
8667	8669
4714	4731
2767	9289
1615	7965
54951	8452
2175	55120
6426	9689
4714	4729
22828	6426
6257	9282
10594	988
11091	6871
23338	7862
10163	10787
5702	5709
10956	112399
10250	6427
128308	29088
5580	6714
4005	6886
25852	4289
6124	6132
10454	8517
3836	801
10891	6430
10367	90550
4695	4731
11091	57325
5499	6626
23363	83987
3516	51763
1642	2873
5928	9343
10250	51503
51691	9406
30849	8678
2068	2968
10367	55013
5716	5717
10575	55212
10053	8906
51079	55967
11198	2491
5430	5432
85358	9229
203068	4436
5432	5438
27316	3312
1107	25942
6429	6431
10362	51317
3551	4792
60	8826
10262	10985
1431	23118
347733	7415
6885	7189
27339	5356
11140	56647
3185	58155
10254	1956
27243	5119
207	55215
54801	93323
10594	9416
55723	8208
5436	5441
10318	8737
2335	3507
22948	79738
27339	8493
6418	8125
2335	335
4087	51592
1213	829
53981	904
25904	55571
4704	4720
51692	53981
5921	6790
10616	55072
3312	6626
55929	9628
5701	5719
1615	3376
3065	6883
51386	8666
3703	84061
10474	1810
25913	7014
5966	9099
1654	2969
3752	80333
7529	8815
10928	891
1022	1024
10189	65109
10973	84164
6136	6228
10262	9689
1869	5925
27097	6880
10569	26986
23450	23451
51400	5518
27097	6883
1152	3190
2074	7913
10236	3178
11331	7417
5424	5982
3190	51362
10616	8737
11091	8473
3551	8915
6128	6207
6152	6192
6632	6633
10362	9219
23398	9343
10362	5931
9439	9969
2961	5439
1059	79682
4701	4724
2068	2963
1107	6872
6135	6210
6224	9349
25942	6595
8899	9410
255758	51626
5929	6908
84661	9111
2963	2966
10921	65109
10445	11007
5422	5983
11140	6207
2176	2178
11091	53615
6628	79833
11218	79833
6157	6170
5469	9969
2033	51763
55802	80153
25942	51742
51510	51652
4001	8815
23286	4771
4306	8648
5928	8467
5971	6207
10891	5430
6128	79155
11091	84661
10482	5901
2961	5440
23047	9126
1603	1650
25942	6883
23028	8819
10111	142
2873	51138
10236	5411
23325	9181
1937	9416
10920	51138
3735	7965
6603	86
2071	5438
27339	6925
10262	6421
4695	4719
4726	51079
2597	51295
10985	9689
6176	6223
1213	85440
8663	8668
3674	928
220988	57819
10001	142
10048	5361
6045	84759
5702	5706
23398	56949
196528	6605
25942	2969
10213	5701
22894	5393
4088	5371
6133	6193
57459	8289
5931	6601
1025	2033
60	7067
10616	1147
5356	6627
10575	79738
27250	3068
2178	55120
23451	5591
10213	5700
8666	8669
53981	6883
22894	23404
3735	9521
60	8841
26589	51073
3024	9111
6601	6709
2074	4641
51699	55737
4720	4728
3065	53981
5981	6119
6626	8493
2874	9611
2159	7035
3065	9219
1108	57504
55120	6117
6993	83658
2033	4088
26259	9820
3066	545
80223	8766
3516	5469
65109	9939
23020	5211
10284	6878
6595	6908
1499	154796
10450	6426
25942	9343
23451	60625
6877	6878
5602	6416
5705	5713
5211	9782
3192	5211
2010	9406
6599	6709
2968	5435
30849	7405
3312	6500
3608	6925
5707	5715
6134	6208
5707	5719
56647	7531
114799	5111
5933	84661
10847	9611
51592	6601
65109	9775
79726	84219
4791	55294
6632	9689
3192	4175
7862	9767
2058	51520
3312	51503
57332	80012
1147	55294
2962	5433
4841	7155
51008	9325
6045	79801
3685	3694
24137	25942
53615	86
6598	9111
7067	9967
57129	64981
22914	80328
6427	9689
5982	983
580	5932
2058	5859
29883	4849
54108	8467
5499	9689
6139	6204
84661	90665
5704	5707
11091	1810
10992	8220
1875	3065
4001	6598
64976	65003
57472	9125
255758	83658
10947	8120
2152	2159
57819	8815
55504	84894
10575	22948
1912	3303
203068	988
3065	6595
10592	25942
11091	8451
57461	8220
6155	6201
1147	8737
890	983
5701	5711
219541	55588
5426	6117
648	8535
3183	7153
24148	7307
4851	9794
2188	7156
8175	84292
23507	80131
27	3265
5356	6634
3838	7431
10155	23186
5705	5706
10947	63915
1147	6205
51317	5928
51645	6628
2647	63915
23118	8517
11160	81790
54623	80349
4001	5925
22906	66008
128866	27243
7153	988
4791	6207
4536	4702
3551	9099
1107	23199
10189	6636
6709	8841
10284	6598
6595	8819
6598	6878
10613	11160
5888	7157
119	2039
374291	51079
10053	164
4792	4794
6599	8189
3303	55758
1022	1025
1176	8120
5423	8566
4436	672
50813	51138
10061	3309
203068	23020
6133	6228
3284	92609
10787	1759
51386	8663
10971	4137
10992	5591
28998	6150
4698	4723
51386	8662
22828	6634
10856	60
3187	6627
1499	28514
200576	9896
5982	7150
1022	11198
2071	5433
6950	908
3183	8289
5426	6118
3015	4869
3190	4001
10920	2873
2209	4067
4436	9782
23451	9031
4296	57630
1655	9775
51258	64983
10971	708
10450	220988
10592	64151
3066	5977
4049	4050
1176	26985
4323	9076
4736	6227
22828	6925
6627	8493
4700	4705
26292	5577
5451	7528
2969	4793
10250	9939
8563	9984
23338	9767
1107	53981
10594	3309
10947	26258
54148	9801
2107	5976
23451	5499
5356	6626
23013	3516
26009	55689
5705	5711
55294	5966
22837	79801
5705	5717
6427	9814
220988	8220
221154	55013
10060	3767
2734	5966
10594	6732
5431	5437
6878	9343
4705	4717
3312	5216
6634	84292
10569	6628
389362	84262
8674	8675
1605	4846
1108	6605
2010	6601
3312	8493
4729	55967
23522	9767
28977	57129
84289	9767
4436	8464
219541	5469
4297	8467
1778	6634
54331	773
2071	5434
10379	6773
3558	3560
11340	5393
10286	9814
55072	81858
3024	4173
11198	9794
2959	2962
27241	92482
140836	4000
2547	6118
10212	10971
27130	284086
29883	9125
6837	9440
6628	9343
4696	4705
23186	4001
2277	8828
10454	55072
10284	84661
2335	2534
3688	5771
8120	8943
54700	84172
2547	3014
5934	60
6517	9744
26610	8518
53615	5928
51592	6597
10575	7203
8819	8841
60	6605
3185	6633
80349	9646
7273	8557
7913	9188
10250	23524
2963	5439
3326	6128
27250	3609
29924	8650
2648	4436
27185	5142
1050	3175
6883	8850
8662	8665
3312	6632
6122	6141
7157	8312
2963	5430
4535	4539
8454	8607
2961	5436
6160	9045
3066	8289
57492	6597
4436	9343
6804	8773
6136	6224
51503	6637
6632	7153
4851	51763
5431	5438
25942	8467
25978	79643
1108	4001
6878	6883
51317	9112
4705	4726
10926	8317
2956	571
10284	6883
2889	5156
10616	3551
3708	387
6634	8493
5929	6598
7132	8517
3572	5781
2963	5440
2186	5931
6767	8208
6257	9969
55112	83657
3303	6015
5709	5710
3192	9416
4702	4704
10006	55845
7531	8826
2956	672
9440	9477
5700	5717
7189	8792
27154	7862
6880	6882
57819	6632
23019	29883
648	9589
23557	388552
8841	9611
330	6885
53615	6872
246175	4849
6257	9862
27258	3183
55094	60625
220988	23020
1915	6421
9814	988
6597	6602
3351	3352
55558	9855
11091	5901
10318	3551
2923	3312
6633	988
3646	8666
6597	6605
5932	59348
8517	8737
1213	7415
10250	6627
23522	27154
50813	9318
51720	84142
10450	9939
83657	89891
150684	4792
6595	6597
1778	51503
22948	908
2010	8539
23451	27316
10146	6632
10291	6628
10026	51604
5432	5434
10921	7913
5499	5591
4719	4726
5888	7516
1017	5985
2597	3312
60	8289
332	7514
6421	9343
10576	8195
54927	84303
10250	22828
10492	6780
64979	64981
8452	9555
4085	8379
2155	7035
3309	9416
10594	1915
54148	64976
1108	6598
10629	8464
2975	9328
708	79595
10454	7132
2968	5433
5439	5441
79801	80829
7124	7133
4541	4694
219541	6837
2647	26985
3190	8826
2176	2189
10212	3068
2033	6830
3191	51691
2068	2959
55656	675
7965	9521
2114	2353
11198	904
3364	5810
5111	9156
10291	9410
5708	5719
6881	8295
26019	65110
4084	4149
22907	60493
10492	3192
1108	53615
10061	51366
4999	84515
5929	6595
10061	1915
56288	64398
8493	988
10284	6602
10856	8454
5934	79718
22938	988
6844	8773
5714	9183
3066	86
1915	988
4537	4705
23443	4249
26009	2648
5714	5715
3364	5983
2960	5434
10363	112885
2932	58497
25942	6597
51434	8881
10992	9814
10919	1786
2965	5438
23517	6426
6598	86
1213	832
1937	9343
5929	8467
25873	6205
2956	6881
3192	79595
6601	9111
203286	284086
22828	3312
4001	51691
2068	6908
57560	90410
3190	7529
4683	672
10213	5716
4001	84661
585	92482
5810	5982
5704	5718
3646	8667
29079	6709
2959	5440
27241	55212
10787	3312
60	8295
25929	79833
64682	8881
25978	27243
5706	5716
11140	8815
64976	740
4543	8601
5356	988
51340	55596
6599	9343
23592	3192
3312	5499
2074	9188
8573	8825
57560	76779
23191	60
11218	79760
3312	84759
4683	7518
320	8825
10891	904
1108	604
10250	3608
8546	9181
4001	6741
8120	84062
3183	57819
10594	3192
23338	84289
10987	50813
3183	6749
3190	5411
154796	829
5708	5717
4736	6230
3516	4851
4297	9343
6205	9020
5700	5701
57819	6741
23429	84678
51503	5356
255758	6993
1000	28514
10450	6632
6133	6230
10284	1107
139322	79135
2960	5432
2114	6597
6595	8289
144715	3364
4704	4722
10847	6597
5710	5713
1660	3192
10629	8295
4792	8518
23190	29979
53981	5430
8664	8666
5566	9590
6045	6500
10616	81858
10971	51691
6132	6147
2647	282991
1022	2071
2720	5476
54973	66406
2962	5438
26986	9343
2058	7965
5928	6597
829	9181
22913	2483
1655	4841
5928	6883
3309	51773
10155	8841
6118	7150
51263	64975
1660	3187
1059	1642
3350	3351
5901	6878
11143	79960
1326	2734
6598	8850
4173	5934
3735	5859
10594	203068
55294	9099
10490	143187
10250	9775
3054	9070
51742	5928
1742	9229
4221	5929
8661	8666
10051	23397
10283	53938
1660	27044
54973	675
4702	4717
6598	84661
1107	5901
6253	6683
2033	4193
5591	6421
114799	79075
648	84733
5707	5713
6152	6227
5704	5711
25929	8487
27316	6626
8899	9939
4841	5430
1956	2064
27258	6637
53615	9343
1778	5356
23386	6993
347733	71
10363	3065
29882	29945
11140	9020
6880	8295
51652	79643
25942	53615
11224	6193
2734	4790
2068	2965
53981	6908
6143	6234
6601	6883
10236	3609
3303	51317
3551	9020
4704	4726
11091	6595
2962	2967
7150	890
11224	6206
10262	1778
23532	6921
6426	6427
23020	9416
23774	27154
10450	26986
56254	7324
5700	5704
1176	388552
2767	2776
10933	93621
10642	6154
1654	2734
10239	26985
25842	8208
2534	3932
7186	8517
23594	2547
60485	6789
10450	3185
11091	6601
23450	60625
11168	84661
27335	8662
8085	84661
22863	9776
10947	23557
219072	55559
7203	79738
10236	51428
6119	7150
10363	55758
5435	6908
164	8906
3183	8932
1019	5111
5009	56993
6147	6164
8312	85458
5438	5441
3183	6598
6601	8202
3980	79661
10971	25937
6117	7150
3068	51691
10026	8733
10492	10642
10189	56949
2647	8546
4171	4175
55193	6605
7088	7089
112869	51562
10989	79135
4141	5859
4793	6128
3621	9768
3685	4323
5433	5436
3265	8525
6908	9013
3621	5931
23557	26985
3690	961
23774	64769
6871	8295
5434	5436
6156	79155
1207	8487
10239	84062
4141	51520
10856	8295
23592	8826
8664	8669
5934	9111
28952	8452
4537	4702
4436	6881
6598	6709
5705	5707
140836	5925
11168	8085
3066	9612
79718	8841
3065	57459
9013	9015
10250	3192
6878	8819
5700	5711
29079	8841
2547	7518
26146	76779
5469	54797
10419	6628
5452	7091
25942	53981
3280	6714
4722	9804
4791	9020
6161	6169
6445	8082
4641	8467
23363	26259
23307	829
2648	6880
11140	6128
2091	3326
3053	4297
4088	6667
22828	6627
1660	6194
3187	6634
51264	51318
10576	166379
10286	7153
79738	8195
4704	4705
402	6905
3981	4683
5901	6880
84515	990
7402	857
10146	8815
11340	23016
29079	54797
7067	708
5970	9099
29079	6837
10616	7132
10847	23450
65003	9553
4841	6626
8408	9821
2056	2057
80012	84733
26276	63894
23186	3066
64978	65080
8733	94005
22828	9689
1176	8546
4087	8928
6602	8289
286826	5928
51562	57325
112885	3304
60	7531
1080	7430
3054	8473
5591	8493
51503	9814
112885	23186
10286	3312
1058	11198
5708	5709
26993	79155
51586	9443
3980	8566
55330	63915
3190	7531
3190	8815
5931	6598
51564	604
2091	6132
2188	55120
28998	51258
56647	79595
23594	7520
55193	6597
1605	857
10250	23451
3831	94120
2071	8850
2058	3376
10286	5591
5984	5985
2010	3068
26985	55330
3312	60
3178	58509
4719	4728
3191	7067
64928	65003
22913	6628
123169	80349
10111	7520
6173	6175
5925	79595
5971	6156
5289	7405
4289	64795
5430	9794
84661	9070
140836	23186
2960	5441
2060	85439
51433	64682
4049	4055
80145	9984
5925	9111
22938	5211
27097	8295
400569	54797
9820	9978
11198	3516
124995	54148
10664	4869
60	79595
6502	8454
5000	7520
3265	9610
10262	10286
11171	79760
2959	5436
6714	7189
6130	6204
1660	2521
23644	55802
598	8837
1107	9112
2597	3148
5713	5719
29079	6601
83443	84844
4714	4726
6632	988
10284	6595
10921	9939
5422	890
23592	3609
3685	3693
1956	5286
2934	58497
7402	8910
6421	9416
2960	5438
1642	988
4297	6601
55144	84230
115106	93323
3736	8506
27250	5934
23338	23522
10575	10576
3308	7088
10125	8525
8220	9785
2597	51103
5934	90665
11073	571
5934	84661
59341	6786
11143	23774
55758	7764
10574	22948
10987	2873
1911	22955
6599	8819
25942	54971
144100	51248
10728	3181
79135	84303
5356	8220
220988	3181
5430	5436
57508	7979
4292	580
51503	6627
10291	6598
3684	3689
4323	7040
1213	4734
3680	3688
2811	928
374291	4722
2960	5435
4204	6595
6122	6232
1213	5216
5713	5714
10456	7417
5708	5716
152831	2264
80131	84230
3024	3068
27250	60
2197	6165
119	6513
10594	51366
29093	64975
10363	1487
2091	51773
29079	9111
1326	6207
10891	6429
4175	5934
6601	8467
1022	904
2010	23592
1911	648
2072	5893
3312	84678
2189	6118
10262	23451
6599	6872
4695	4729
4734	832
5277	9091
9138	9630
7994	84289
6843	6845
3838	5595
3065	3304
5700	5710
246175	9125
55212	8195
11168	9070
3015	4000
10284	11091
6206	9045
2967	6598
6794	92335
114294	51264
79833	8487
23450	6601
51248	5818
6886	6929
10236	3187
10284	5929
23451	8493
10284	6599
51742	6602
3066	6598
22907	2926
11340	51010
25942	6688
11140	51691
2976	9328
23592	3024
53615	5901
55212	7203
10450	6637
23354	54801
7043	7048
4361	7014
10001	54797
10482	65110
7067	9282
51503	9689
23028	3065
6045	80829
6632	8826
4790	6128
22938	9612
1147	6128
2961	5438
10450	56949
10273	4842
4700	4704
23592	6632
5434	5435
5884	5983
54344	8813
1656	167227
1655	6421
3551	55294
7750	9203
3068	8826
112399	3091
55696	57819
203068	6905
388552	84062
1759	5217
55361	85440
6167	6205
22994	585
4790	5971
126328	4726
26277	65057
4000	5934
3187	6633
27101	6477
4705	4719
11091	3066
3786	56479
128866	57132
5431	5440
5715	5716
708	8539
53615	6603
5934	7067
5424	891
2186	5928
3837	3838
51503	6633
81857	9282
1778	22828
56647	8815
8517	9919
86	8819
10236	220988
5411	7307
51503	6634
4694	4700
23587	8518
10992	6629
6883	8189
55327	8573
4824	7088
51503	6421
114823	57508
5702	5711
55120	641
5422	6117
5580	64866
25942	5978
6874	6882
5929	8473
10992	51639
112885	6239
6632	7529
5925	6929
11339	55320
10212	4001
23451	9814
23386	79659
3309	3609
51691	8539
10236	10521
10155	6601
10291	51645
2961	5430
22837	3309
6626	8487
3065	6601
5981	6117
10592	3065
10239	1176
3646	8664
4173	5925
5931	86
10213	5706
1785	23307
11171	6628
10971	3024
22863	5289
23507	56262
5701	5713
3516	9794
10001	7421
3183	9092
708	8826
2734	79155
5478	9131
1786	55929
57508	66406
3066	6595
10971	27250
126328	4701
3068	8539
3065	9612
6741	7529
3300	3312
3735	4141
6880	8464
29883	57472
10847	8841
4851	6830
6732	6749
10155	84661
3480	6464
2071	902
3661	4435
27316	9410
4701	4726
2335	4856
23592	8539
594855	6809
6125	6187
25839	83548
8533	9318
54801	55559
6152	6176
64983	65005
140735	6990
112869	6871
4173	79595
51386	8664
6142	6227
10891	4691
4001	4171
10284	23028
3183	86
25949	6426
6158	6210
11198	2033
3178	6628
23450	84844
2091	9020
292	5245
1915	5211
6772	6773
1642	79801
128869	94005
6627	9814
388552	8943
8673	8674
1080	9368
23199	25942
26512	7979
2771	2782
1107	8819
6118	983
5928	8289
6598	8289
1022	9794
3674	7052
22873	2737
6045	8467
1147	8517
4720	55967
23091	6015
10001	81857
207	7398
6157	6229
3065	3516
26258	26985
1660	54487
25978	57132
6118	7158
5883	5982
5430	5433
4683	580
115106	23354
6632	6925
6164	6187
10947	8546
5719	9861
23451	6627
4701	4728
4436	6421
55081	57560
23524	6625
3480	7852
6169	6227
374291	4705
10213	9861
57459	8932
10474	51562
26258	63915
143098	1739
55193	6601
221154	90550
3065	6603
5702	5707
10155	79718
23521	6128
4173	708
3430	9111
3958	50628
2189	6117
4001	8841
3483	3486
79718	9111
140836	79718
25942	9219
5901	6908
27250	3191
5931	6599
3065	6880
10245	10440
1147	4792
10061	1642
26224	8454
4791	5971
79155	8517
2186	6594
4670	55696
2734	6128
5426	890
5710	9861
10111	641
4720	4722
3190	3192
11198	57332
23607	55114
10574	908
6880	9219
25904	4848
6872	6873
27040	867
57703	8899
5970	8518
23325	832
3320	6207
11340	23404
79801	79948
118460	51010
2068	5431
9443	9477
2547	7158
25949	7307
4089	6667
4536	4704
3655	3691
5009	9804
5901	9219
27231	3679
5710	5716
51720	672
4691	904
1810	57325
2091	3551
118460	23404
2935	5976
55330	84062
4221	9070
10001	51586
5966	9020
5701	5707
10155	10847
2963	2967
23398	6636
5584	56288
1937	203068
11169	63922
3065	7750
10053	162
51340	5356
140836	84661
3181	9775
114823	92105
60	708
23016	51010
30011	868
282991	388552
5289	9776
23244	9126
6146	6187
6598	8467
79726	81929
26118	6923
10189	55094
6597	8841
2959	5437
55250	8518
53615	6601
10629	6871
56647	9406
1326	4791
2976	9329
51003	84246
3065	5929
10569	10594
6132	6194
6429	6430
10025	9477
1487	23186
55717	6015
3312	6627
23307	55361
23451	6634
23191	6854
10291	6601
6601	8841
1660	6154
1024	8850
2960	5440
331	9113
1937	3192
5430	904
11091	8467
10189	23398
6599	6602
25929	6626
2967	892
6597	892
10291	8175
4731	51079
51003	9412
28977	6182
5499	6427
320	8573
29883	4848
10286	27339
4701	4731
1009	1499
10664	3015
1152	3191
24148	8175
118813	9217
997	9978
2961	5432
53981	6880
1778	8493
1024	6830
23309	3065
23363	9978
3053	3054
50628	79139
7203	908
2782	9289
6626	9689
10521	3309
1615	9521
55957	91750
11282	7355
27241	583
126328	4724
571	5932
4536	4539
23307	23325
2188	2189
2960	5439
4297	53615
27316	3608
3091	54583
5289	8408
6632	9406
4736	7311
10856	57634
51691	7531
10212	7531
2969	5971
11315	5071
6427	6633
1810	6871
164	8905
132660	55957
10363	3304
9775	9811
1875	2033
3551	7124
1778	6633
7088	7155
6595	8850
2010	9111
10286	23451
10262	22828
27335	8665
22994	5108
10250	6632
5931	8467
2010	3024
1387	6714
6632	8493
10213	5719
118460	54512
6421	8493
53981	6598
10284	6601
4513	51103
4289	54994
29882	996
1937	5211
1487	7750
26146	3597
55832	8452
4678	8208
23113	9978
6599	6878
5295	930
23186	9203
1399	7454
10213	5705
10514	7913
51691	9111
25978	5119
2597	2923
29079	3065
29945	51434
4292	9156
3784	9992
203068	9782
10971	1152
116540	124995
2968	5430
26292	8165
64398	832
8464	8850
3183	9219
5434	5437
23239	55215
129880	582
10250	1778
51691	79595
440574	79135
4297	5928
22938	23517
23307	4734
64976	79590
5700	9861
4722	4723
4539	4700
6908	8467
26589	64983
51626	83657
51434	64682
6599	90665
10111	7014
5111	5395
3065	5925
8451	8467
10111	571
5709	5717
1739	5576
10146	4001
56984	8624
8663	8664
2335	3688
4736	6235
27250	3190
142	7153
100287932	10245
1176	26258
4087	5371
5901	8819
118813	9230
10061	9782
10947	84062
22907	55794
5709	5719
2969	5928
6015	8467
7421	9440
8661	8663
10286	6627
8517	8717
4297	6599
5432	5433
22837	51773
64151	9918
57703	6426
6626	79760
10250	27339
4714	4724
3066	6599
282991	8120
1207	50628
4292	571
5499	988
59349	8452
2064	5286
10146	7529
64750	6498
6175	6235
23047	23244
2554	2561
10048	25852
2959	6595
10946	10992
10061	9416
23246	23481
2010	7531
112885	3303
10594	23020
2176	6117
10291	10847
5933	79718
1785	4734
29079	60
10971	9111
23186	5934
208	57630
23118	8717
6749	79948
50628	6632
2965	5436
2885	3655
1017	5982
3836	488
2734	4793
3024	8826
23522	64769
641	7156
3024	708
3609	4691
10474	672
1108	23186
10059	843
6599	6883
5859	7965
5901	5931
1642	22938
51138	8533
55112	6990
1059	6749
2959	6597
2873	8450
2932	8312
8607	8725
10576	908
5435	5438
1785	55361
1271	3572
130340	8905
5433	5437
10250	10985
51340	6632
6158	6173
128308	9553
51386	8668
10236	1655
6872	8189
10286	6626
10254	9610
10212	3024
8850	892
3655	3688
6598	79718
55072	7186
3608	51503
60	9475
10664	142
5434	6500
8665	8667
3190	5934
1213	9744
4088	57492
126328	4723
79960	84289
4790	5451
6990	89891
11267	84313
22938	6426
10284	53615
4539	4694
2033	4086
51264	64979
25904	29883
166379	55212
5431	5436
5591	6426
4723	55967
6595	6880
57459	6603
22938	6421
10189	51503
5710	5718
10286	6634
6134	6233
26228	6500
10664	7153
10971	8826
29079	6257
6257	9441
54468	6396
2017	50807
6045	84733
1642	4436
10286	6421
55729	9869
4361	7518
142	2547
8539	9111
5434	5438
10971	6632
2967	5437
10454	330
10971	23592
22938	9782
5108	585
4541	4717
4204	6605
1759	9475
10492	1994
6122	6234
23186	3303
10189	60625
22938	23020
1108	9112
4683	641
10280	3757
596	7405
8773	9341
23191	5217
10155	6598
4851	5430
6883	8467
79659	8655
10419	50628
4539	4696
64398	829
4152	6839
4698	4701
3192	708
3479	3486
23028	6872
25949	27339
9477	9862
374291	4729
51510	57132
6871	6881
140735	255758
23451	84844
26277	54386
1901	3350
3303	573
23450	6597
1759	6853
56647	57819
5705	5710
5432	5440
79659	83658
10146	2010
23186	6239
6164	6204
10857	22937
10262	23450
8543	9021
6117	890
5704	5719
7531	9111
2965	5431
10262	83443
2010	3191
6990	6993
10250	3312
1615	51520
3024	6632
2782	7852
9289	975
7341	7750
8454	8725
6633	7153
51678	8825
3551	9919
6626	7153
8819	9612
6156	6224
27250	8539
4297	6883
4116	7919
51010	54512
8662	9775
6871	6883
23521	6173
4297	5929
4696	4702
387680	9897
2071	6598
142	7014
10146	56647
203068	22938
55120	6119
3190	8539
5432	5439
55957	5928
10318	10454
1660	3309
5810	5985
9020	9919
3191	4001
23587	55140
23284	23767
2962	5440
51645	6635
23451	8220
219541	29079
3068	9111
5931	6908
27072	51361
1176	23557
55832	8453
28977	29093
10362	1108
6500	6907
4537	4696
5934	7027
126328	4728
2959	2963
6788	9231
203068	6421
26589	54948
27316	51503
23028	3303
140836	4171
23091	29127
6790	9793
4361	54386
4001	6632
2114	6598
26146	57560
5430	6597
114823	55756
6880	6881
23621	5074
10992	6632
10189	7919
2547	4999
59348	672
3958	6634
51503	6426
5701	9861
112936	6643
25873	6171
26277	7014
84661	8841
5433	5435
10450	10946
3066	8467
10133	3064
6124	6125
1080	154
84246	9967
6208	9349
10155	140836
51366	9782
51691	8826
1605	7402
4361	5932
5430	60
142	7520
5933	898
22828	5591
23451	6426
10362	7750
7531	8539
26986	3183
1025	9794
5901	7514
10575	908
1107	6883
4722	4729
26146	26160
1912	8467
1437	1439
3054	8085
1655	27339
140836	6601
2010	7067
4696	4717
23522	7994
6427	988
6150	65003
51691	7529
55193	6599
1778	6627
9329	9330
6872	6908
5331	9170
64975	9801
7307	9939
6130	6139
1785	8546
51510	79643
7529	9406
6853	6854
10594	6421
5331	9351
1009	154796
114823	25896
5970	8517
4999	990
3551	8518
4000	708
10987	8533
6173	6234
142	891
4694	4717
1911	8467
6709	90665
140836	4175
1024	51763
2961	2962
1387	6601
10250	7919
1642	3309
6421	9814
11169	114799
5704	5714
27339	5591
2068	5440
1024	6595
3192	6194
3837	5901
10284	5931
55352	865
1147	23118
5045	55690
5701	5715
2091	6205
3183	6597
7994	79960
4541	4696
150684	5970
51386	8665
83658	8655
3376	4141
2734	5971
6338	6340
11168	29915
5202	6500
2962	5432
11140	60
3937	5295
11176	8467
126328	4731
23451	6626
6421	6925
23524	55596
2010	23186
5702	5714
55081	76779
1213	3312
55832	8454
8819	9611
10284	23186
5706	5707
23592	60
55756	7979
2068	5439
3148	3312
125988	54927
11171	8487
7531	79595
1387	142
8815	9406
10947	2890
5356	7153
54801	55142
6139	6191
2071	892
192670	7538
23186	5933
22796	25839
2534	3694
5933	6598
27097	672
8655	89891
10146	60
23035	55215
330	3551
10920	50813
5311	5314
2010	3609
51763	904
3312	6634
4000	4175
10401	4088
2782	5745
10283	9416
10474	57325
3621	5111
1778	6925
3507	8542
10454	7186
1912	57332
100507436	10870
2959	6598
2734	5970
23186	6709
4175	9111
23186	6601
23524	55094
1659	23451
54859	8518
10212	23592
10226	3482
10971	7067
2185	5829
23774	79960
6598	8819
2189	7156
56647	6741
10048	54737
10286	8493
10250	6634
23451	4641
1785	9897
5701	5702
1874	898
10061	1937
4436	5211
3184	3303
10717	9179
4724	4728
10006	23191
8667	8668
23186	23199
10006	10163
5702	5705
2962	5441
27241	582
123016	583
1387	8289
11140	2289
3619	55143
8189	8819
112950	400569
6633	6635
11325	84844
128312	22907
2483	3181
1642	7088
10856	6500
27316	6426
27339	6426
4641	9188
5451	6657
53938	8175
8663	8667
1739	320
54927	79135
3183	6599
166379	6950
6633	9785
2962	5436
5901	6598
4790	4794
23186	6598
650	652
114294	65005
10155	2010
10664	3836
10992	1778
6714	8792
10051	3065
10250	7153
22938	9775
51691	6741
115106	54801
633	652
11331	5245
1152	3024
1408	26224
6129	6159
5426	5982
11143	7862
140836	6599
26228	8725
53615	6595
8546	8943
1785	9138
10985	5499
10212	708
10363	6239
1147	7124
112885	51317
2967	6597
57599	64854
23019	57472
23028	51317
6634	9814
55737	6643
3725	4773
3516	9612
1147	6156
6150	84311
55352	861
5430	5440
10207	832
55193	6598
2969	79155
3183	5928
23309	54971
1107	9343
51626	79659
2010	56647
2959	5441
23521	6187
6443	8082
10594	57461
27339	8220
6124	8517
22955	8467
10787	6853
57459	6597
7531	9406
4292	80010
1387	2959
2177	57599
10947	388552
10616	23118
23451	83443
330	55072
6150	64975
1024	11198
10985	5356
1270	3977
3065	51317
29082	51510
10048	54994
1059	9589
3364	5984
10946	4116
6605	8289
10920	8533
132660	91750
1937	9782
53981	8819
10985	6634
6421	6633
6257	9439
23451	5356
3609	4001
10362	23028
2033	5469
1663	79075
6810	6845
8467	8535
5077	83933
2058	5917
3192	5925
5430	5439
3066	5901
80184	9738
1152	60
4698	4722
10933	84148
4001	7529
5080	6657
2968	5441
4705	4724
4793	6156
5976	9939
10450	22938
5424	6119
5424	890
6444	8082
10787	9475
4792	5966
11073	83695
2197	6157
6878	8467
4087	6601
10284	6597
219072	93323
3187	5725
6477	6500
4904	6194
3066	57459
6908	9219
3312	55717
1642	1937
8517	9099
27339	7153
6882	6908
26985	84062
10025	6257
3192	4000
2694	8029
2962	6597
6142	6204
6155	6218
675	7979
4089	8202
10061	3192
6426	9814
1956	867
2849	3350
2648	672
10363	51317
26259	7157
5499	6634
10250	10262
23113	23363
27097	4436
54331	5745
57459	5977
3192	6780
6500	8725
126328	4720
219927	64928
2969	6156
10111	4361
571	580
27316	9814
220988	3190
672	8543
10454	3551
5993	8625
130340	8907
4719	4731
9146	9610
51604	8733
3735	9255
3014	4869
8175	9092
6045	64105
51691	5934
5119	92421
832	9897
116541	9553
4535	4722
3184	3312
6128	8517
23199	9112
23522	23774
1659	27258
1107	5929
1024	904
22828	8493
114294	63875
207	57599
23016	23404
6184	84061
23028	6598
27316	5499
23450	9611
25942	6598
10992	8493
5993	5994
5934	6632
1642	9416
23451	6925
10239	2647
2963	2965
10284	25942
255758	83657
57459	9219
23386	55112
7421	9282
6152	6204
8518	9020
6139	6146
4704	4723
2189	641
1147	2289
29127	6749
27154	9767
22828	5499
5499	6426
23028	6599
2547	6117
10989	125988
1147	79155
23354	55142
6128	6205
5499	6633
29882	64682
10921	5976
1147	9919
2178	2189
10971	3190
8850	9412
2107	23049
27031	27130
5714	9861
10212	3609
11340	51013
5469	892
1911	1912
5119	51510
5971	6128
1810	55689
6500	6502
10286	10992
5931	6878
55756	675
4848	57472
3309	9782
4723	51079
23524	6632
55758	7750
6122	6139
5982	6119
2176	6119
2074	9031
54069	55320
5422	891
5283	9091
57332	8535
1174	8906
829	8546
261734	4867
2956	580
3685	5829
2010	79718
4830	58497
55559	79441
4535	4536
6626	988
10419	55352
60	6908
1810	2648
3836	4000
10284	79718
2010	29079
22938	4436
5710	5714
1107	6880
6872	8819
1021	894
5931	8289
5452	7528
25942	9203
51317	55758
5422	5985
1147	841
2967	5434
6156	6203
5883	5985
27250	51691
6136	6201
23451	7153
1438	1439
2965	5432
11340	56915
3737	8506
9181	9897
2178	6118
2175	641
26258	388552
4535	4725
128866	51652
5714	5717
23513	3993
11171	79833
5931	8189
11073	2956
4803	4804
6874	6883
6804	6844
3190	51691
10856	8725
3956	6634
10362	2969
57554	81
6626	6632
55072	7132
3559	3560
374291	4701
5701	5714
6147	6157
51763	5430
203068	51366
26259	9978
10250	65109
112885	7750
23404	56915
10985	51503
57129	65005
5202	8454
10061	23020
6601	79718
8661	8664
6154	6202
5701	5710
51386	8661
6603	6605
10594	3183
641	80010
4869	7155
1437	1438
8065	9978
1874	890
23186	7750
29082	79643
79718	9611
2961	2966
1956	2885
60	6597
115106	55142
2339	2342
90550	91689
3326	6207
5716	5719
22828	6421
25942	6908
10286	3608
10026	128869
1616	8312
6138	6206
6626	6627
2874	6907
10992	6925
6124	6160
5432	5436
582	92482
3303	8535
128866	25978
2967	5439
6632	9111
56946	63925
10061	5211
140836	6598
5431	5435
1213	23325
2176	6118
1785	23325
25942	86
10284	6880
6147	6210
11073	672
3326	6132
9255	9521
23592	3191
6627	7153
5970	9919
10146	9406
4171	6426
10419	11218
4535	4696
23035	23239
10212	27250
5810	5883
23175	26580
10594	1642
26985	282991
60561	9183
672	7415
3065	84661
55120	7156
5216	7415
22955	648
329	7132
6173	7311
10155	23450
3192	51428
22891	27185
6667	80063
4841	8850
22894	51010
857	8910
1152	51691
10284	9343
10155	5934
8481	9851
6442	6444
5119	79643
23307	85440
5925	5934
11091	9219
4313	9076
1660	3609
4539	4541
6158	6231
81	9146
2010	4171
5928	6595
5335	867
6122	6208
6146	6206
22828	27339
10569	51340
1810	26009
8661	8668
1387	6598
1642	3192
5469	9794
5431	5439
53615	8289
4536	4694
4168	54331
2178	6117
1213	71
3690	928
10256	673
3065	9112
30011	64398
10189	9092
10236	10283
5970	9020
123811	8481
10362	1487
6844	8676
5371	7750
9716	9785
65109	7919
5437	5438
4670	6633
1147	4794
10928	8650
3066	5931
1022	2068
5706	5708
10245	10469
3609	5934
27	9610
10985	1778
5884	5985
54386	7520
7353	7415
51720	580
29883	55571
51773	6594
23595	5000
330	8737
1500	154796
1111	8451
10212	51691
115106	219072
25929	79760
2176	2188
10575	8195
79595	9111
4729	4731
9112	9203
6601	8819
10987	51138
4691	4869
3066	9611
3609	708
1387	6595
10284	1108
4292	672
7089	8450
3065	6908
22976	641
6810	8673
6993	79659
5981	7150
112869	55689
23524	988
6139	6202
2175	2188
10212	5934
27335	8661
6616	6804
6810	6843
28956	5604
60	7529
6239	7750
54797	9282
3326	6156
5701	5706
6015	80012
8841	9111
10440	10469
10490	8674
60	6601
26512	66406
5434	6908
5715	5717
26985	8120
51645	5411
23191	55845
5929	9219
1615	2058
10066	9522
6134	6167
10576	6950
6326	6327
9014	9015
5933	8841
6880	8189
23028	55758
10992	11325
123016	582
6925	9689
3337	5611
27154	64769
10111	3308
64682	996
10973	9325
2099	3480
267	79139
6167	6230
23118	7124
6156	9020
5982	891
2776	9289
329	8717
8813	8818
11325	83443
79019	9785
6421	6634
2961	2968
4999	5000
4791	9919
25873	6222
5901	9343
25942	5928
5705	5709
5433	5434
23019	55571
6908	8189
1654	4792
708	9111
10213	5702
51763	5469
4686	9775
4790	6207
10025	9412
6205	8517
7421	9862
10283	8899
26610	54859
10985	6925
6133	6206
23035	7398
2976	9330
3066	6605
4361	4683
4224	4225
55142	79441
10111	3981
2177	23239
26258	8120
10992	1655
166379	8195
10362	3303
23186	9112
6878	8189
6881	8850
10286	6427
11200	25842
2966	5432
26224	6500
22948	8195
112885	23028
51626	55112
5901	6872
3192	4691
53615	9219
118813	64225
27250	8826
6599	6880
60	90665
22944	6117
3364	5883
5211	6421
2966	5436
5928	91750
128866	79643
3185	8175
6599	6605
2033	6839
6124	6141
113130	8243
2483	57461
8493	9689
1111	8454
22955	80012
9782	988
116541	79590
8467	8819
10228	8674
4001	6601
23325	8546
1108	9219
1956	868
4724	51079
55596	9785
5430	5437
5591	9814
6626	9814
2067	5893
2064	5287
6629	9775
51642	6150
10291	8841
3312	3608
1108	79718
51626	6990
10594	1937
11091	4221
57187	79228
832	9138
4001	4175
10419	1207
3551	6156
10985	27339
55174	675
29915	84661
10189	3183
258010	79139
10155	9111
51263	57129
142	5422
3183	57461
63929	7133
3831	5873
23307	387680
6154	6170
11284	3980
2959	5435
5707	5710
10642	1660
10985	6627
79643	92421
23016	54512
4537	4700
3068	7067
219072	79441
2885	6464
60	6598
6139	6143
10189	9775
699	9184
10362	1107
1915	23020
582	583
1915	9416
6161	6204
1108	6603
5977	6605
166379	22948
27097	8464
2039	6513
57332	8467
3014	9656
6144	6171
3065	5901
11169	79075
51562	55689
10284	8467
1500	84662
3185	9416
23028	367
495	496
6597	8202
27335	8669
11091	25942
2968	5438
10250	6626
1778	9689
10262	6426
64978	79590
85440	9897
2960	2968
1152	8826
3192	6154
3312	7153
10051	9918
3181	9716
5917	7965
10921	9775
1152	708
1213	347733
183	5553
30000	5901
27250	4001
6207	79155
54859	55140
10286	988
4001	90665
10985	22828
5715	9861
10001	9440
4734	55361
5430	6598
2966	5440
11091	26009
2885	3691
10212	9111
10956	3091
57459	6601
12	1511
6159	6233
1660	4691
2483	27316
50628	8487
3621	5928
1108	6597
5966	6156
56993	92609
142	6117
3364	5985
6421	9689
57132	92421
3190	60
1108	29079
55596	6632
3065	51742
2969	5931
4001	6599
11198	5469
6872	6881
10971	3609
6950	79738
6185	84061
55112	8655
126328	51079
7157	8650
6885	7124
3956	6632
4804	6272
23592	5934
3609	7067
118813	3799
1108	6601
8405	9555
23774	84289
4790	4792
142	3836
6339	6340
10980	2873
6595	6602
5707	5708
3608	6426
10262	9814
10362	6239
10450	9092
27243	57132
5934	708
10992	51503
51400	5519
54737	54994
5424	6118
4221	4297
51626	6993
1271	3977
6015	79948
2969	6128
11200	55723
4686	8662
5981	6118
246175	29883
3066	8189
7157	83987
841	8737
51742	8819
23325	55361
5884	5982
10155	10284
123169	79577
6810	9341
10454	1431
4719	4720
23113	83987
123811	9851
3376	9255
26258	282991
79228	8563
55013	91689
23592	3190
55048	7251
5155	5159
10212	6632
84246	9862
6632	7531
207	23035
1213	6517
4050	4055
4695	4726
10952	7353
10592	24137
3066	6872
3312	54880
1911	6045
23451	27339
5709	5714
3785	3786
4537	4717
64225	65055
11177	54108
2071	2961
5432	5435
79801	91687
3308	4691
7203	8195
4704	4731
1152	7067
6170	6176
3054	84661
11325	51639
55588	9440
10048	10296
1742	85358
5295	7409
3183	5977
4289	54737
51592	8202
2968	5432
8085	8473
1956	5287
64682	8697
4089	6601
3191	3192
54468	84219
6171	6205
1655	26986
24148	51340
5111	63922
9013	9014
5977	8932
129880	55212
10992	83443
5928	6594
22828	27316
3192	51503
3065	55758
6147	6218
3192	51366
8189	9219
1152	3068
10454	7124
6605	8932
10856	26228
50628	79833
10482	9939
23595	2547
2177	23035
10928	29924
23592	708
5700	5705
29088	64975
6134	6143
23673	6844
3689	967
140836	6709
4791	9099
4000	9111
1147	1326
1152	6632
4734	829
23557	8546
1994	6780
2078	3725
6158	6203
5708	9861
2152	2155
2091	6128
2873	9318
4361	641
5928	5929
2771	3480
1152	27250
142	4000
8295	8850
3696	4323
6421	6427
1017	5981
1356	4353
1024	3516
29123	8841
2305	2932
162	8905
3192	9111
22948	6950
3191	7531
2071	5437
3981	4361
648	8467
3303	3304
6427	6634
10203	10267
3024	3192
5356	9814
5202	8607
6124	9349
2767	2782
3024	4175
3326	9020
8451	9978
26985	388552
10576	79738
6633	8493
10284	3065
2967	5441
51069	64976
53981	9343
51366	9416
6132	9020
11284	7515
27258	6629
26512	675
22907	3014
6426	8493
5499	5514
2969	5970
51428	57703
63929	7124
10992	988
10284	9219
63915	8943
22906	8473
6427	6632
6990	79659
53615	6599
23521	6164
123016	55212
3187	55596
3146	3148
7862	79960
23028	6595
10284	6908
10262	6633
1778	6626
3609	7531
3024	4171
10992	5499
27316	8493
2961	5437
10891	6431
23199	5928
8662	8667
23186	60
51340	57461
83657	83658
387	7220
10048	4289
23517	57461
84733	8535
3053	5929
5591	7153
23325	9138
4720	4731
23028	9112
27339	6421
6741	7531
4793	6207
64928	9801
3690	5829
6125	6165
10971	3191
10146	11140
27335	8668
154796	30011
10920	10980
1654	6156
142	8850
3678	3690
1147	7186
1174	164
3312	3337
6257	7421
125988	139322
3185	9716
55832	8451
6871	6880
1660	1994
1911	3303
1915	203068
140836	708
5709	5711
3309	9343
2188	6118
7994	9767
3187	3309
220988	9939
23429	6500
126328	4729
1326	6128
5356	6426
5971	79155
10284	3066
10250	6426
55212	92482
1785	387680
6601	9219
29082	92421
8673	8773
2074	8467
5966	8517
10250	6421
2176	641
6709	79718
5706	5710
22916	9811
3053	4221
11168	4221
22828	6626
10947	26985
2648	8295
10284	5934
6128	6156
4714	4720
10642	1994
4702	4725
6139	6173
10985	6427
5931	8819
2969	4791
4793	79155
6173	6201
27335	8666
3024	3191
2874	79718
4000	4173
8120	8546
8905	8907
10755	4914
9020	9099
6427	6627
57332	6015
2672	3066
4535	4712
6175	6231
6117	891
4536	4541
10569	6426
3068	3190
29882	51433
23592	4087
27335	3646
10592	8467
10856	6502
23049	2935
4705	4720
113130	5885
113130	9126
10992	6628
54951	8454
22828	23451
5928	86
2967	5435
2962	2966
55112	79659
10787	6854
2058	3735
3956	6633
79760	79833
4221	84661
1152	5934
3608	988
5700	5719
4998	5001
4539	4725
3068	3192
11073	5932
6157	6161
3932	925
6877	6883
22828	51503
60485	6788
5932	672
6628	6634
142	5981
5896	5897
2005	6722
29079	51586
2811	961
4683	7520
28998	64981
4137	6446
5356	9343
5929	5931
22837	6749
5119	51652
27231	3688
8189	8467
10262	5591
1487	3304
29945	51433
5706	5719
10985	8493
29079	4001
27243	79643
86	9219
2647	8943
11073	4292
3326	6124
8338	8349
54880	6015
3066	6878
4436	5111
5706	9861
672	6880
86	8932
1495	79658
6877	6881
6597	8850
1326	1654
2968	5434
4698	4729
10815	6616
3921	4736
6904	6905
57142	8506
10921	65110
2960	5436
51514	9318
10286	6633
3065	604
4846	7402
3191	9111
2926	60493
10474	26009
23186	2969
3691	6464
2963	5438
1108	90665
51562	6871
6175	9349
1152	9111
23398	3192
10262	988
10492	10946
1025	53981
11340	54512
2770	4543
7529	7531
9440	9968
1793	9844
6872	6883
3364	5884
5111	9768
5702	5715
10207	829
10111	4691
5708	5718
6146	7311
11198	6749
10985	988
51013	5393
5702	5719
3312	347733
6599	8202
8932	9219
10594	22938
246175	57472
27339	6427
6164	6192
10286	5499
10856	5202
10419	865
10574	6950
4999	7520
57459	6605
2963	5441
60	9406
122704	6182
22913	9343
140803	54822
5710	5715
4698	4724
53615	8189
1616	1786
2175	2189
22955	3303
7913	9939
1213	9897
130340	8906
51586	5469
1024	1025
5711	5717
4723	4729
1615	5859
79228	80145
388552	8546
5424	7150
8546	9897
5356	5499
2959	5433
27097	6871
5709	9861
2010	51691
23398	9716
6883	9219
2554	2566
54801	79441
5713	5716
10454	10616
10514	9031
23028	7750
219072	23354
2068	2967
4701	51079
27154	84289
1915	3309
5714	5719
10362	55758
4536	4717
6136	6193
2068	2960
11198	5430
2960	2963
10694	6950
25942	7750
25904	9125
11315	6622
4000	4869
6443	6445
112885	1487
1937	4436
7750	9219
65003	65008
5217	9475
130340	162
5704	5706
1875	6839
8243	9126
4792	5971
11340	118460
25942	5901
23307	9138
25942	8841
4700	4712
10318	6885
6164	6208
51366	9343
23091	25962
10053	130340
29945	64682
3609	57510
1912	6015
10492	988
6882	6883
6164	6188
3054	4221
8473	9070
6950	8195
2965	5441
51742	86
26985	8943
125988	84303
10073	7514
23020	3192
3303	6239
5934	8539
2965	5430
11140	6205
10286	9689
10284	5928
53938	6629
55114	829
10284	6709
3685	3696
5883	5983
5705	5714
1147	2734
4535	4702
1660	4904
23587	26610
10452	351
6873	6882
4791	79155
55212	582
6872	9219
30849	596
2969	3066
25942	3621
1994	3192
23429	6015
2961	5431
5591	6634
5469	81857
23118	3551
2010	8815
83987	9978
51763	6830
60	6599
2289	4793
4088	8202
11140	4001
114294	51318
10212	1152
10594	7153
5928	5977
1293	3678
3192	7067
196528	6599
5433	5438
5432	5437
26610	55250
1024	9443
5810	5983
27097	8850
4175	79595
1207	6628
126328	4722
57554	815
3309	51366
3646	8662
2966	5435
6853	9475
5591	6632
25913	7013
4005	6929
5424	6117
10514	8467
340152	80149
2960	2962
4221	8085
10980	51138
3065	5934
23431	9179
10262	3608
387680	55361
10363	3303
60	9219
3320	6132
5715	5718
1911	80012
140836	2010
6873	6874
100287932	10469
829	832
128869	8733
10575	10694
23028	6883
1152	8539
3516	5430
3312	9689
5977	86
4001	5934
4647	79955
142	7088
832	8546
374291	4719
5928	6603
2178	641
2965	5440
5925	708
5901	5929
27154	79960
2966	6908
10250	9416
3551	8717
2965	5433
132660	286826
5707	5716
1654	4793
1108	51317
23594	23595
1994	4904
57187	80145
7329	8648
2071	2962
388552	55330
55361	8546
4696	4700
4171	708
55140	55250
1642	203068
5433	5441
5717	5719
10189	7913
113130	23244
1108	5934
23429	84759
3024	51691
114823	54973
7153	9689
112885	55758
10616	8717
5718	9861
112885	7764
79228	9984
4536	4700
29882	8881
2068	5434
2010	5925
2965	5439
3183	57459
23028	6601
50628	84447
10212	3190
10284	53981
22907	811
6128	6154
10213	5714
2961	2967
6143	6230
3024	5934
2966	5434
598	841
5356	56949
6176	7311
10212	3192
50855	5331
11284	5423
6156	6157
261734	9113
27339	3312
1176	84062
79577	9646
3320	6205
51400	5515
4088	7046
2647	8120
27339	9814
2274	23411
4698	4731
5706	5713
10226	9367
6881	8464
6632	7067
3646	8663
1911	6015
10212	8826
7150	891
23607	64398
23186	5928
10010	7186
1654	8517
10616	330
26985	63915
11168	8473
3608	9814
50628	6626
10155	1108
80012	8535
55656	66406
142	6119
440574	84303
2959	2966
55689	57325
2274	2308
3304	6239
154796	23607
3320	4846
2483	9416
2177	55215
29945	8881
79172	9493
2588	4758
10379	6772
10788	26993
10262	11325
5934	8841
5434	8454
5928	9203
2734	8517
126328	55967
53615	6598
6161	6222
4436	5395
10291	6597
55193	6602
4001	6709
55144	56262
3066	53981
27154	7994
1387	2967
10985	3608
10262	6427
2963	5436
10061	10594
1815	8452
6601	8289
2770	8601
10362	5928
5422	6119
23325	4734
3066	4297
6421	6426
1040	80198
10456	331
1739	8573
4297	6595
374291	4704
6117	983
23592	27250
11198	4851
5929	6599
648	80012
2961	6908
2002	6722
1174	162
6279	6280
4694	4705
5700	5715
57819	7529
2647	84062
55072	8737
1025	4851
57187	8563
53615	604
6124	6156
5931	6602
10318	1147
1655	2483
4645	9146
79659	89891
25942	6599
1660	9188
51366	6421
10450	3190
29079	5934
4719	4724
5928	6599
6628	6635
10283	6634
84164	9325
54880	84678
23451	988
10985	9814
3066	3621
10992	6421
3066	6603
11073	580
51719	92335
6124	6192
3187	4116
3065	6872
7157	9820
3646	51386
1956	9610
3065	6597
84661	8473
5431	5432
10061	9343
4705	4729
51593	79019
10010	7187
6598	9611
1152	7531
51053	81620
10236	4691
6854	9475
3303	7750
125988	79135
4849	57472
7324	9810
10492	6194
55142	93323
5711	5715
259197	919
5435	5436
6132	6168
4719	51079
904	9794
23443	4245
1387	2962
5705	5708
1642	79948
10992	7153
6154	6780
26118	6921
114823	66406
1973	51400
164	8907
11222	65003
3068	3191
6129	6222
29882	51434
1176	55330
10250	6625
6595	6605
29093	65005
142	54386
2010	5933
4714	4723
2091	8517
3312	6925
3609	8539
2308	4089
3053	9070
23397	64151
51073	55052
330	8717
27243	29082
142	5430
51742	6597
51642	65008
374291	4724
3185	3187
10189	23517
10482	10921
4539	4717
22828	6632
142	3015
9138	9181
6929	8861
57492	8202
2071	5439
10985	27316
23522	79960
4849	55571
55212	6950
4808	8861
23307	9181
6142	6192
23199	2969
1654	6128
54331	695
2959	5431
3068	3609
3066	51742
27339	6626
8650	891
3621	86
2873	8533
1660	2547
4539	4702
1024	2967
10006	10787
10291	57703
2962	5435
4536	4705
4791	5966
6128	6209
11331	292
2782	4168
114294	64975
3551	6128
123016	27241
23398	51362
10558	9517
84062	8546
51699	6642
5705	5718
332	6790
4694	4725
23354	79441
51010	51013
2071	5440
4005	8861
6129	9349
5356	55596
5970	5971
10163	55845
6599	9611
1615	9255
51433	51434
23363	7157
54880	6045
23592	9111
1022	5469
66406	80789
51604	94005
1981	26986
11168	3054
5591	6925
2064	6464
3621	51742
7248	7249
3320	6156
51013	56915
4701	4719
6239	7764
8802	8803
1603	84061
112869	26009
8450	9318
29899	89958
65080	84311
5711	5714
7515	79661
55361	9897
1107	51317
6878	6882
10189	3187
6601	8189
27316	6632
3015	7153
3300	5684
3066	6880
6132	6205
10474	11091
5970	6128
4701	4723
1108	25942
29079	81857
2091	6207
22828	6427
6885	7186
27316	988
2967	5440
10125	3265
6143	6175
3608	6627
2010	6632
6688	6908
5859	5917
9170	9351
10207	64398
140836	29079
10445	60561
22916	9775
2068	5441
3551	841
3921	6137
5700	5714
123720	29984
53615	6880
22868	2926
10111	7518
1663	63922
6741	79595
3312	5356
2923	3146
10284	2010
57459	6598
23522	7862
6134	6165
7862	84289
203286	27130
6222	7311
2033	8202
3192	7531
23239	57599
122704	64976
1108	2010
23028	4297
10212	7067
8697	996
1642	7089
3608	6421
4001	79595
1147	3326
6908	8819
11198	9785
55294	9020
6158	6207
2068	5438
4541	4700
3320	63943
5424	5426
2963	5435
143098	8825
4670	9785
219541	400569
2335	3674
3956	3958
2188	6117
2734	6156
10694	908
23354	93323
6117	7520
1660	6778
3146	3312
1786	5925
5356	8493
8663	8669
23118	55072
1107	3065
4734	9181
22907	3309
10273	3303
4000	4001
3609	9111
4683	5932
3621	8289
6632	8815
2648	55689
10239	26258
10284	5901
142	6714
23028	3304
53615	57504
2071	9412
11140	3190
1022	2966
4869	811
5211	9343
4791	6156
23673	6616
2078	2114
6599	9111
8189	9343
57459	86
6873	6881
3312	71
5985	890
4001	7531
6626	79833
1398	5156
4790	7528
25978	29082
3192	4436
22894	56915
6925	8493
11091	53981
4297	8189
112869	2648
3190	7307
10642	6194
10989	84303
26060	367
11140	6132
50628	79760
2959	8850
126328	374291
4867	9564
11143	64769
6159	6209
10286	6426
3065	4297
3674	961
5714	60561
1108	140836
10250	4116
1147	6885
1147	2091
10947	8943
10573	51263
7067	9440
60	84661
10286	22828
2956	8464
4686	9811
6135	6222
1024	2033
1326	4793
9282	9477
4005	5925
3609	8826
27339	9689
1026	3320
1026	63943
4683	571
11200	8208
10146	7531
1912	80012
6626	6634
29093	6150
51386	8669
255758	55112
10594	6749
2189	6119
128308	51258
2033	9794
10971	3192
6124	6233
51003	9443
1024	5430
114294	26589
4790	6156
5217	6854
4141	9255
374291	4535
4726	4728
6137	6203
196528	6602
51264	51642
51503	6632
2547	5000
1912	648
5211	9416
5928	7750
10992	84844
51160	55048
5700	5702
1326	79155
1937	22938
6925	9814
3024	3190
11315	65018
1108	3183
6134	6135
5436	5437
7862	7994
160	891
29882	8697
2961	2965
4175	5925
10284	8819
641	7157
10189	7307
30011	832
4792	5970
255758	89891
55758	6239
4695	55967
3065	5931
5931	6594
5713	5717
10971	6446
23191	9475
23118	7132
140836	5934
23557	63915
2767	975
112936	51699
140836	3024
51362	60625
10111	7088
4541	4704
10616	7124
6045	8535
1659	220988
5983	890
3956	8487
10291	6599
6434	6627
10146	79595
2959	2967
8220	9775
142	890
1789	25942
3183	6601
10985	5591
25913	65057
4221	8473
4089	6599
3192	4001
10146	6741
6154	6194
10555	26580
6338	6339
3326	823
63875	64976
51069	63875
5356	57703
5883	5984
6122	6204
6161	6208
10454	1147
10228	8773
10287	4914
160	8650
374291	4723
10892	7186
10521	4691
4641	7913
26118	8065
5423	7515
374291	4698
5591	9689
1642	79172
4535	4541
129880	583
23019	25904
6626	6633
2247	8539
5971	8517
11091	5929
6873	6880
10616	6885
5707	5717
51520	7965
487	6588
55504	65078
10318	8717
9416	988
6597	8932
30836	8338
29979	7415
1387	9412
4701	55967
5356	6632
5977	6601
1815	59349
112950	81857
2561	2566
154796	832
6599	8841
3685	8038
22948	7203
55212	585
6599	79718
11140	79595
23199	5931
60	79718
6137	6169
374291	51103
2491	3309
116541	64928
5469	6257
51520	9521
10212	8539
57504	604
2963	5434
6881	6882
27101	6907
6830	9794
10250	22913
1655	53938
23451	6632
23246	55759
3312	6426
4723	4726
24148	9092
10254	9146
6442	6445
140735	55112
1387	892
6597	6599
324	8312
2178	7156
11340	22894
5928	6872
51626	89891
5894	8844
1017	5984
6627	6633
5713	5718
10111	7155
126328	4695
6257	9440
5994	8625
23028	53981
6141	6204
65057	7013
255758	79659
4700	4702
1173	2891
26190	8454
1642	9318
142	7150
6426	6627
219541	81857
672	8295
4171	79595
1107	9203
4306	7329
3280	5430
5977	9219
128866	5119
10992	6426
8664	8665
6421	6627
2923	3148
2033	6597
1147	330
5929	8189
2521	4691
2335	7052
219927	54534
1742	324
23386	89891
25942	5931
11140	2091
23450	53938
2966	5439
5901	6883
10815	6809
63915	8546
6635	8487
140735	89891
9219	9343
10992	27316
2969	8517
2099	6464
11200	6767
2010	7529
3309	6421
6993	83657
114799	63922
23016	5393
1778	9814
53981	5929
57132	79643
122704	55052
10971	5934
2965	5437
2068	5432
6883	8819
3183	9188
10576	22948
4361	7520
55174	66406
5710	5719
6871	8850
25942	6602
1060	6749
4723	4724
23020	8899
1398	1399
23309	25942
5982	5985
129880	92482
5884	5984
5707	5709
10928	160
6015	648
3065	57504
6595	892
5411	55696
23607	832
6189	9045
166379	79738
1147	55072
10992	3312
1147	5970
2491	79172
65109	9811
8175	9343
2155	2159
8841	90665
3836	815
5977	6599
4793	5971
10061	22938
10001	9969
142	3308
6257	9968
11091	29915
4171	4176
3708	7220
8175	8220
2033	8289
51742	6598
51317	9219
10474	8850
2189	55120
8675	9341
5970	79155
22938	51366
57332	648
10291	6426
1915	22938
22828	9814
10971	2010
5925	93621
54797	9862
54468	81929
10155	5077
55215	57599
27429	331
5423	79661
10256	5894
23091	79801
2588	5476
154	3778
1024	4851
3309	5211
8743	8795
5901	8189
3836	4869
55072	6885
23244	5885
3303	84733
6426	6634
267	7415
26228	5434
5931	9112
22913	23524
3609	51691
23113	26259
10284	5933
10612	4645
10155	10291
2960	2967
2968	5436
3183	6732
123016	92482
51028	84313
3481	3485
3192	4173
5426	6119
26986	3303
5931	6595
10262	6632
23450	6598
7979	80789
80145	8563
53615	6878
5430	5431
1981	3312
84342	9382
1915	4436
5707	5718
6129	7311
6129	6209
5432	6908
6194	7311
8405	8452
1487	51317
55294	5970
388552	63915
10594	1660
1499	8727
3312	5684
55114	832
6181	6234
51072	6464
1875	7027
26228	5202
6173	6233
1022	5430
6133	6224
580	84142
79760	8487
5452	5970
1660	6732
55112	89891
53981	6878
57508	675
6128	6181
10788	79155
4722	4728
11171	50628
10228	8675
675	92105
23113	9820
142	983
55330	8120
5934	7531
6633	9689
55052	84545
10367	91689
10787	23191
5708	5715
4791	4792
10155	3065
8202	8850
708	7531
10133	4218
1603	3703
10239	8546
6152	6201
10987	9318
2966	5433
6170	6223
6170	6233
55330	8943
1387	57492
10213	5711
5435	5439
11091	3054
23586	7706
5888	641
1956	30011
6434	6625
1176	8943
2010	84661
140836	4173
4089	51592
2770	29899
27250	3024
196528	55193
9611	9612
6632	708
27316	9689
29082	57132
1788	29947
10250	84292
2770	4926
3454	3456
1654	79155
1981	3184
2956	7157
2335	3678
3065	86
10155	29079
85440	9181
5810	5884
1399	5156
10284	3621
1487	55758
27335	8667
112950	5469
4790	5452
55174	7979
5981	5985
832	85440
6993	8655
57332	84733
25942	6880
10870	80328
10576	10694
55361	832
3608	6634
1642	1915
2071	5441
2969	6207
142	4361
2962	5437
6595	6878
6601	9611
4536	4696
23595	4999
55361	9181
2483	84292
5434	8607
203068	3309
10946	3192
6632	9814
8819	9343
10612	81
11198	1642
26146	90410
22873	22897
6598	6908
10363	7764
6134	6203
6146	6224
1059	2091
1487	3303
2968	5440
10419	861
3190	9111
3082	4233
5431	6908
8663	8665
8453	9978
2776	2782
164	55690
9031	9188
1778	6421
2308	4088
6134	6230
10296	64795
8673	9341
153	1739
124995	51642
10155	60
51503	5591
6878	9219
116541	51069
2521	3309
5435	5441
8467	9219
25904	57472
51263	54534
2962	5430
4904	6780
27250	708
10001	9967
6502	8945
6878	6908
54973	7979
22938	3309
829	85440
5356	5591
3192	84292
22916	65109
2967	5438
6135	6146
2549	53358
25801	6717
10111	672
27316	5356
23557	55330
207	8115
11218	6626
10492	6154
6626	6628
24137	3065
8676	8773
6146	6164
5431	5434
1009	1500
10574	7203
11140	6632
5499	7153
4793	4794
55072	8517
84678	84759
23186	6599
1176	282991
6130	6159
1912	6045
6139	6203
57187	9984
2960	5430
5982	6118
22955	6045
6139	6229
3308	4869
5704	9861
112950	55588
7067	9968
3690	7052
27040	7409
23404	5393
6599	86
6142	6231
6749	9188
4088	6601
10111	2547
6170	6189
5594	9759
5277	5279
9138	9897
10594	51340
10923	3172
25978	51510
10250	6633
5701	5709
10291	9611
4904	6154
488	815
23244	8243
2033	6598
4001	5933
6152	6187
2335	8542
1147	1654
1660	3183
23020	9782
1785	9181
51699	6643
3190	6632
4088	6597
23451	55696
4297	8819
4089	6597
8289	8932
2185	3685
3376	5917
10971	3068
5932	8543
140735	79659
10213	5709
1994	6194
142	22907
3376	51520
9689	988
5279	5283
2175	7156
1003	2324
207	23239
6907	9611
27250	6632
1759	60
1107	2969
8467	84733
55081	90410
1387	5430
51652	57132
51514	8450
53615	53981
7157	7528
6143	6210
3309	54487
152831	2260
2961	2963
10992	6626
10454	8717
4000	7153
23186	5978
6886	8861
4704	4717
3183	60
6133	6208
1778	988
10952	7415
5499	6925
23028	25942
2010	4173
335	3507
5701	5717
5436	6908
6603	8932
5707	9861
10362	25942
332	3619
22828	3608
1147	9099
4869	7088
3066	672
3312	5591
6139	6175
10592	23397
3024	3609
6396	79726
2959	5434
140836	9111
2547	3981
3065	79718
5933	6601
196528	86
140735	83657
3024	8539
3190	56647
10454	8737
3306	7917
10284	4297
10318	8517
29082	5119
10514	4641
100507436	22914
11325	23450
6597	9611
2782	975
3183	53615
2969	4792
5707	5711
5929	6601
5859	9521
9968	9969
2078	2353
57819	60
3065	5933
10001	6257
6124	6207
6883	8295
5928	60
2071	5436
10048	91584
10146	3190
1270	1271
6421	988
55756	66406
6045	648
23186	9111
23020	9343
10664	4000
2962	5439
10947	2647
203068	402
3716	8543
2959	5432
6141	6193
5433	5439
23028	23199
3646	8668
6597	6603
25942	3066
51586	54797
1147	6124
4216	85458
3066	5928
3736	3737
596	8678
4695	51079
23307	8546
3551	7132
4361	571
829	9138
5289	596
219072	54801
6477	6907
10286	10985
2010	3192
25913	26277
2071	6908
3280	8850
81857	9440
1912	8535
1654	5966
4067	5336
5440	5441
2959	2968
66406	7979
5433	5440
114823	80789
2177	7398
2734	4792
53632	5563
4734	9897
25942	5929
5933	5934
1022	3516
5708	5714
3303	648
23587	55250
10629	6880
3621	6601
56254	9810
63922	79075
6146	6204
3312	9814
23325	387680
4700	51103
3608	6626
330	8517
23468	4152
10239	282991
51742	8289
64769	84289
207	4904
10456	11331
140735	6993
3579	7532
5706	5715
10011	8648
51013	54512
10629	6883
27316	27339
6874	6908
4794	5970
1875	5934
3685	3690
162	164
1152	23592
4678	55723
5714	5718
10694	55212
10992	22828
27250	3192
3956	50628
3312	6853
10053	1174
6426	6925
2274	2275
3190	7067
128308	6182
2002	2005
60	6741
10985	3312
23047	8243
4193	7528
10920	10987
23028	5901
11224	6136
22868	22907
26009	51562
10286	6632
3312	6633
5422	983
23186	79718
3320	9020
5430	5434
26009	57325
25929	6628
1487	3065
27316	6925
23049	5976
10262	51503
51433	8881
114823	55174
6874	6877
23186	29079
387680	9138
6152	6229
2969	4790
51592	6599
2965	902
6598	90665
11171	25929
6790	6867
10992	5356
4794	5971
140836	3192
1387	51592
3655	6464
3181	3187
1152	2010
2967	6595
10284	4001
23020	988
51742	6601
126328	4719
10921	26019
1655	6626
3958	6633
10250	10286
5515	5519
6598	6603
4724	4726
25942	6872
5859	9255
11091	6598
3312	7415
142	6118
140836	5933
1326	8517
4841	4869
27339	6627
129880	27241
6595	9219
5700	5713
4678	6767
3308	7155
23592	7067
8662	9811
51340	6633
22863	8408
3066	6908
10061	6421
27250	9111
11073	4361
1108	5931
1385	9457
10592	1789
6626	6925
23019	9125
23649	5983
51434	8697
4436	8295
57459	5928
29079	5933
3192	6632
29079	5469
27243	92421
11200	4678
166379	7203
10283	51645
4794	8517
6169	6170
114823	675
79661	8566
11140	6741
6880	8467
142	4691
54107	54108
115106	79441
112869	1810
6171	6188
6181	6228
6156	6232
3065	6598
3376	7965
10985	6421
1107	6599
2071	6597
5411	9410
2782	3480
22828	5356
23524	2483
4804	4908
3646	8665
5704	5708
10474	55689
5202	5434
2963	5432
4700	4717
2962	2963
51586	81857
64769	7994
1018	892
142	811
5917	9521
261734	9564
6878	6881
488	801
2058	9521
7529	79595
1642	51514
3192	4904
3993	84612
10155	6599
60	8539
4436	51366
3183	6603
4704	4719
6873	6908
10985	7153
6880	6883
1739	8825
27040	5336
2968	5431
3065	672
6015	8535
3482	9367
2071	2960
7158	7520
23521	6224
4670	6629
29079	6598
10450	5411
348	5621
79441	93323
3595	3717
1778	6426
1655	1660
2811	3690
5700	5707
64769	79960
7088	8451
53615	5977
3312	6015
11267	51028
374291	4731
7750	7764
6633	9814
2975	2976
6881	6908
22976	4361
6139	6218
3065	90665
55142	55559
4537	4704
3690	8038
23028	6880
6421	9782
26258	8546
22955	6015
4849	9125
10207	23418
3190	79595
55294	9919
4537	4539
7153	9814
54107	8467
54797	9439
22868	60493
10694	166379
23028	23186
10847	6601
3066	6601
116150	79947
10933	5925
23118	330
11143	7994
3024	60
55558	8829
3187	58155
928	961
23199	3066
5411	6632
1660	6749
23118	6885
8546	9138
5934	6601
23517	51340
6923	9978
23517	57819
2175	2176
6015	84759
4436	9416
5111	79075
6230	9349
1387	4841
10474	112869
55696	9416
26610	55140
6990	83657
2969	9112
4088	6498
4719	4722
3608	9689
10989	139322
50813	8533
1107	5931
3609	60
26160	90410
4722	55967
10262	27316
3024	4000
1152	4001
51258	65005
6142	6229
10111	22976
29924	891
5711	5713
1660	7153
6421	6632
3185	4116
6908	9014
583	92482
26146	55081
1660	6780
10450	51645
10051	64151
51386	8667
57459	6599
203068	6904
6139	9349
1147	4793
27316	6421
3608	5356
282991	8943
51691	56647
6207	8517
23191	6853
85440	9138
100287932	56993
10250	9689
10262	51639
26277	7013
1025	3516
3192	3309
23774	7994
55052	64978
4670	9410
10054	10055
5451	5452
1107	11091
5499	6627
23451	8467
1937	3309
5356	6925
3192	4171
5701	5704
282991	55330
5499	9814
10362	23199
7750	9112
112936	6642
4088	6599
2010	57819
10318	23118
2335	3690
4292	7156
22938	57703
23386	255758
3064	4218
28996	8312
23451	3608
1786	9628
1024	2962
6601	8932
4089	57492
5702	5717
208	8115
10051	8467
2010	4000
25942	9112
26160	57560
6444	6445
4848	55571
3066	6602
6161	6224
3068	708
10847	6598
10594	9785
3565	3566
4729	51079
23386	83658
10296	25852
51691	57819
8539	8826
9443	9967
1152	3192
6421	6626
80012	8467
4292	5111
10061	988
3676	3688
4722	51295
4695	4698
10001	9862
79659	83657
142	5426
4541	4725
4698	55967
10594	9343
1147	3320
23199	51317
6502	8725
1656	55802
6396	84219
10318	10616
23704	3784
10946	56949
51503	55596
11198	51763
1655	55094
4088	9372
6597	9219
5704	5715
167227	55802
51691	708
6157	6232
112950	6837
10482	26019
2968	6908
11091	6599
10111	580
10051	25942
1387	6599
3066	84962
1107	6595
123169	9646
24137	8467
3284	56993
2033	5430
5591	988
4171	5925
54880	6500
10576	55212
6426	6633
10492	6629
23028	9343
332	55143
27250	7067
282991	63915
6732	9188
5111	6117
10985	6426
10025	7067
10575	166379
1060	2091
23398	4670
4001	708
203068	9416
25942	51317
8467	9188
1213	1785
4001	8826
3326	6205
10594	9188
1912	22955
5934	79595
10898	53981
386617	54331
3609	6632
29079	79718
154	9368
1778	7153
22938	3192
11091	55689
3068	6632
10025	7421
51362	5411
54148	64979
6883	6908
7515	8566
6122	6193
10250	6434
3192	5430
29127	648
3192	6421
80829	9688
10025	9967
4736	6141
6601	6872
83987	9820
6880	9343
5702	5713
5933	6709
4323	8038
23592	3068
26589	63875
4726	4731
3250	3507
10664	6418
25949	9410
3304	7750
3066	5929
6635	9785
4171	9111
2071	5435
57819	9406
6709	84661
30011	55114
4001	4173
5704	5713
2966	5441
6595	6883
6595	86
2197	6122
641	9519
2782	386617
6732	7153
203068	3192
6194	6780
1107	7750
10815	6844
10053	8905
79682	79801
51366	988
3190	708
4714	4719
7153	9188
5931	9343
4000	4171
27339	51503
6154	6176
51586	9441
56647	6632
4695	4701
6426	6632
4695	4728
123016	129880
3608	7153
3309	4691
4841	6714
5714	5716
10250	6925
23607	30011
4000	5925
6925	7153
4171	4173
5702	5716
55571	57472
1656	23644
6118	7520
23186	90665
258010	7415
53615	60
10492	1660
4686	65109
1213	387680
27250	7531
5356	9689
5717	5718
3066	6883
10001	29079
4841	7088
5469	6830
286826	91750
6885	8517
4088	7048
4173	9111
6872	6882
10207	55114
51691	60
28977	84311
25842	4678
1022	51763
116540	54148
64978	84311
1785	85440
11222	114294
6015	84733
23429	3312
2966	902
1213	9138
23428	3688
1937	23020
10694	7203
6627	6634
57819	9410
10155	90665
1147	5971
8661	8667
1642	5929
4792	6207
10980	50813
53615	8819
1973	5518
8676	9457
11091	6883
23522	84289
6598	6602
2099	23426
2188	6119
27339	988
652	657
1213	8546
3572	9021
28952	8454
7040	7048
5331	56288
65109	8662
4001	57819
3551	6124
51362	6628
7913	8467
4436	5888
6741	8815
5433	6908
2033	6599
4701	4720
11140	6124
5929	6883
162	8906
2175	2178
1147	6132
4537	4694
2967	9412
10236	2521
10236	54487
5928	6602
2966	5430
1642	83743
55571	9125
84292	988
51073	64975
9441	9968
1785	829
6128	6210
2967	5430
4694	4704
6137	6173
4001	9111
10111	7158
6598	8841
6182	64928
23429	6045
10514	23451
10262	5499
10454	6885
4691	53981
5706	5718
11222	28977
3320	8517
8906	8907
5424	983
25942	4084
4541	4705
3280	4841
5931	6883
26986	3192
1642	5211
1937	6421
10286	1778
10262	6925
5286	5287
10155	9611
11091	8189
10629	8850
23594	5000
6117	641
11222	6182
3192	5934
5393	54512
11325	23451
3191	3609
50628	6628
5970	6207
2967	8850
2071	2959
27339	5499
3454	3455
53981	6601
5931	6872
4726	55967
2982	2983
10213	5710
4722	4724
51742	5931
374291	4728
10283	27258
2010	6598
9477	9967
1911	84733
3192	51691
55330	8546
3191	708
5426	891
10239	8943
4705	4731
3608	6427
90665	9111
10870	79465
4116	51340
143187	8674
3185	6634
57819	7531
7067	8539
3066	9343
23186	3304
10514	9188
10946	27316
140836	3065
11091	2648
2353	4773
23770	596
10642	6780
1915	1937
2959	6908
11091	9070
8661	8665
1024	142
23779	663
5426	5981
5441	6908
27339	6634
51317	6239
23118	7186
57805	63925
3558	3559
7307	8175
5435	5437
10920	9318
51510	92421
4704	4712
3921	6171
54623	79577
6885	8737
5577	8165
5700	5716
6156	8517
140735	23386
890	891
387680	4734
10001	51003
10207	23607
3065	6602
10980	8533
5704	5716
23557	2647
5704	5710
2071	5432
6595	8189
27258	4116
4361	7158
5430	5441
57492	6599
7067	9111
3192	60
3688	4856
10573	54948
1603	6185
23020	3309
10946	51362
66406	92105
1147	9020
2961	5441
5713	9861
25	672
10286	5356
23020	4436
2071	5431
4088	64750
6741	9406
6598	9219
1791	8349
3191	5934
2874	8841
2962	3192
255758	6990
4695	4724
29915	8473
1326	2969
25896	66406
114294	29093
5440	6908
5977	8289
387680	832
2071	6595
5422	5426
5430	5438
2010	6741
27339	6633
7421	9439
118460	22894
10474	4436
2010	79595
3308	4841
10992	6427
10898	51692
10642	4904
23595	7520
6124	9020
1387	4089
5710	5711
3646	8669
53615	6597
11218	6628
22976	7158
51626	83658
23199	9203
10262	3312
6595	6601
10694	79738
2960	5433
3065	3183
26118	9978
10482	65109
3592	3593
2091	3320
6598	6872
10985	23451
23325	829
25942	8289
1108	23028
3066	4084
3621	6602
10025	5469
5436	5438
5436	5440
55737	6642
55193	86
6137	6227
5430	5435
10985	6626
6136	6187
23129	8829
5289	8678
51103	51295
10061	203068
4698	4728
10946	8175
11091	51562
2308	23411
5518	5519
3224	4091
10155	5933
10284	140836
2010	90665
3185	5725
53981	5901
220988	55094
2010	6599
10262	27339
2547	7014
10008	3784
51691	8815
1022	2965
23398	6633
5970	6156
10956	54583
672	6881
142	3014
3187	4691
57492	6601
5704	5709
10490	8675
81	815
6119	983
1789	29947
330	7124
5437	6908
1642	54554
53981	6872
11169	1663
11140	6156
1994	6154
2176	55120
2961	5434
6147	6231
4792	9020
5701	5705
23338	7994
4001	9406
26986	3312
11218	8487
51362	7307
60	6854
128312	142
6133	6181
1778	5591
1147	26993
66008	8473
3015	3836
10362	10363
26277	8658
56288	84612
203286	27031
10992	55094
6627	6925
1107	6601
2010	4001
4005	4808
1147	7132
6117	7158
2960	5431
1060	648
10287	10755
1025	4691
6598	6883
2962	2968
5595	7431
22955	84733
3716	5781
23557	26258
891	983
1778	3312
5781	8543
6160	6227
1739	9495
10250	3185
6147	6187
5928	8819
6141	6201
6167	6209
4720	4726
63915	8120
11154	9179
4851	904
22828	6633
4175	4176
4088	6497
4001	7067
6601	6603
27258	84292
140735	51626
25942	4297
5983	5984
10787	60
23028	9203
10284	9111
132660	5928
23513	57216
2175	6117
3065	6688
1663	5111
160	29924
1108	84661
6634	7153
51008	84164
10284	8189
7919	9939
51340	6627
5934	6599
23451	23524
9203	9219
2969	51317
3737	57142
196528	6601
7334	7336
3257	89781
55723	6767
6500	8607
2962	892
6599	6603
1058	9785
1655	4691
1108	57459
51317	9203
675	80789
2885	5335
5901	5928
4720	4724
29079	55588
5711	9861
2010	27250
23592	51691
6871	8464
6601	84661
7409	867
139322	54927
26160	76779
10250	7913
10594	5411
6867	9793
6139	6160
2956	6880
51503	7153
3980	5423
6156	6207
23524	6633
84246	9477
3309	4436
3479	3483
10284	60
23199	9219
25949	5356
10992	27339
2058	4141
10284	8289
1642	6421
23028	6908
3725	467
6599	8467
1973	5515
2873	50813
3014	7158
1108	86
51586	9282
4193	8650
23191	3312
10051	1789
2064	51072
10239	8120
10026	94005
23524	6434
10286	51503
4794	79155
10051	24137
6130	6201
4683	472
26190	6500
11140	57819
100287932	3284
2959	2961
10284	86
5426	7150
6908	9343
22796	83548
2965	5435
9443	9968
10971	60
1869	3065
5245	7417
23468	6839
139322	84303
3516	6830
51366	5211
2068	5433
26258	8943
8665	8668
5981	890
3190	3609
3619	9212
26993	5970
140836	4001
4171	5934
5591	6626
1786	1869
6595	9343
50628	6633
50855	64398
23028	5931
10111	4683
1778	5499
3191	60
4736	6207
4712	4722
125988	440574
112869	57325
10250	27316
5901	6601
10048	5362
142	4869
374291	4700
7157	7874
6601	9343
6427	8493
10521	1660
3192	9782
64928	64979
3065	54971
6156	6222
1024	2071
10212	3191
23592	4001
30011	829
51645	60625
3608	5591
5928	6878
3304	51317
7409	930
55114	64398
51317	7764
2959	2960
1387	3280
23186	25942
3551	6207
4694	4702
6207	9020
5928	6908
2010	708
1025	10891
10286	6925
10947	282991
2099	857
3066	9219
5701	5716
2071	2963
114799	1663
1107	6598
1108	7750
23592	7531
4436	6880
5211	988
3621	6597
5709	5716
10189	10921
4537	4541
7088	8820
25852	64795
6788	6789
27243	51652
5422	5984
10262	8493
672	8464
6598	8932
112950	29079
10291	10946
11091	23028
54859	55250
4087	57492
9416	9782
6595	8467
3068	7531
8881	996
7157	9978
11091	9343
81	9368
4696	4725
3068	60
5925	6886
10492	6632
51258	9801
3190	51340
1326	4790
27258	9939
6206	7311
55361	9138
11222	51069
53615	6605
10239	23557
5434	5439
27243	51510
2091	6124
2033	4851
54554	8451
4758	5476
5438	5440
4297	6598
6134	6234
6880	8850
6990	83658
128312	811
5426	983
54512	56915
672	84142
22948	55212
10155	6597
23521	6135
10207	30011
8665	8666
11091	8085
2962	5434
2734	2969
29915	5929
3183	51645
55072	8717
23016	51013
23649	5985
4537	4725
10283	57819
1147	8915
51652	92421
23363	9820
6147	6192
51514	8451
2969	9219
6119	891
10613	81790
26258	84062
23028	8467
6597	9412
5706	5714
5434	5440
10250	10921
10456	292
25896	675
23594	4999
116540	51318
4173	4176
5119	57132
10594	4436
10236	9416
1778	6632
25937	4088
6749	7153
5451	5970
3678	4856
10569	6635
60	86
124995	65008
5702	5710
27097	6881
2776	975
51626	8655
2175	6118
10971	4001
10189	9939
6907	79718
53615	6883
2959	5438
51645	57819
6175	6232
3455	3456
5708	5713
3716	9021
2010	6709
23019	246175
71	7415
255758	8655
10296	4289
23649	890
51362	57819
9343	9782
27429	9113
10466	91949
10482	30000
5925	5987
2963	5437
207	26060
4722	4726
2734	4791
4724	55967
10250	9814
2967	5436
1615	3735
2152	7035
23338	23774
10985	6632
53981	6599
5933	6599
51742	6599
4846	8910
10025	9441
3836	7153
23386	51626
22837	80829
142	3280
23386	83657
6234	9045
2597	7189
6627	988
3551	6132
3572	3716
5435	5440
2960	5437
10362	9112
6597	8819
27339	3608
801	815
1387	2033
3190	3191
9343	9416
60	8932
5052	55361
29915	3054
4141	9521
4723	4728
3735	51520
5706	5717
4088	672
2648	6871
10207	154796
4299	57332
51258	6182
23450	6599
6877	6908
3684	967
6908	9015
3312	988
5928	8189
6633	8487
25923	65055
4297	53981
3066	60
1778	27339
2305	8312
3065	6599
5931	6880
3024	7531
6144	6175
10291	23450
4141	5917
3066	8819
6601	6880
4087	8202
7124	8517
10016	3181
56946	57805
10971	8539
7150	983
50807	5829
10898	29894
6598	9343
1642	23020
6134	6188
6118	891
118460	23016
387680	829
6500	84759
5934	6598
3551	6205
22955	8535
84062	8943
4705	4714
57045	652
8662	8664
4696	4704
5499	8493
3190	6741
1270	3572
10189	57461
140836	60
6602	8819
1326	6156
219072	55142
54880	84759
11177	54107
79595	9406
10616	7186
5279	9091
4087	6599
140836	79595
6789	9231
11168	5929
284695	57805
7919	9775
7249	8925
5929	8819
1293	3690
51763	9794
8664	8668
3608	6632
83658	89891
3621	8819
9099	9919
11224	6169
5931	7750
6138	6207
29915	8085
139322	440574
2197	6128
6430	6431
27316	6427
22913	55596
2967	5431
3190	57819
130340	164
374291	4726
2010	4175
3192	988
23524	8899
51318	64978
10474	8295
76779	90410
246175	55571
51010	5393
3024	79595
10363	23028
23521	6201
5966	6207
26228	8607
1108	8841
8661	8669
292	7417
2010	8826
387680	8546
320	55327
51593	64946
10318	7186
3312	6045
10362	3304
892	9443
10514	2074
861	865
286826	55957
79595	8815
55212	79738
10450	10594
5901	8467
7965	9255
10163	23191
5434	5441
6015	80829
55112	83658
27339	57819
53981	5928
25942	6601
2672	3065
10061	4436
5702	9861
6599	84661
5431	5433
841	8915
5434	8725
5705	5716
3131	405
29945	8697
23307	832
10787	5217
4700	4725
2961	5435
3932	931
3309	4869
23507	55144
5966	5970
10236	10594
4705	4725
3185	57703
409	5602
4734	8546
6128	6164
6599	9219
10362	3065
6139	6176
7014	7486
3312	6854
5438	5439
10856	5434
11091	3053
7518	7520
246175	4848
2962	6595
6138	6218
571	672
2178	6119
5469	7067
22976	4683
1911	57332
54948	79590
3065	4001
1022	4851
122704	64928
8493	9814
1387	6597
4724	4731
6627	9689
11091	112869
4792	79155
124995	28977
5981	983
51520	5859
63915	84062
57634	60
23091	648
2967	5432
1911	8535
2885	7409
1660	3014
3065	5977
10250	5499
55596	9092
7531	8815
5928	6598
4297	9219
5702	5704
6125	6144
4791	6128
10318	7132
22916	8662
4645	81
55013	90550
6427	6626
54344	8818
8663	8666
8452	9978
5702	5708
5933	9111
25913	54386
2975	9329
3066	3183
23028	5929
2483	27258
25842	6767
2068	902
1605	859
8662	8663
1107	6878
6165	6169
4173	4175
26160	55081
3376	9521
5432	5441
64400	64601
55140	8518
10992	6633
3185	6628
143187	8675
51592	57492
2071	5430
23521	6167
4000	79595
6141	6218
5707	5714
2483	8899
3608	5499
29082	51652
4298	57332
11073	4683
4701	4729
57325	6871
10016	10728
23774	7862
3068	4001
2962	8850
5931	6597
51503	5499
5217	6853
6627	6632
57819	79595
5393	56915
29915	9070
51503	6427
5431	5441
207	367
1174	8907
22955	57332
3183	6605
23020	6421
196528	6597
6749	91687
203068	5211
7186	7187
1024	1387
51433	996
4306	5530
6118	890
10717	23431
65110	9939
6880	8819
23607	829
6130	6234
5277	5283
22828	7153
27316	5591
6636	9775
3192	51362
5925	8861
4731	55967
2963	5431
5981	5983
5202	8725
4535	4704
10262	6627
5700	5709
2547	4361
6885	7132
23429	54880
1487	6239
25978	92421
118460	51013
6599	6908
6872	8467
5883	5884
6119	890
11143	23522
2597	4513
1915	9343
11140	7529
3672	5771
6045	84678
60	9111
5709	5713
66406	675
5976	65110
64946	9688
22897	80212
1213	9181
4001	56647
10946	9092
3303	80012
23020	9092
5371	9372
5702	5718
114823	55656
25942	8189
4535	4705
6634	9689
1025	5469
10155	83933
10283	2483
3320	6128
5708	5711
3309	9493
6150	6182
4720	4729
10262	7153
4297	6908
116541	740
29079	84661
23507	84230
10612	9146
162	8907
5708	5710
7405	8678
3690	4323
5934	6709
79718	84661
10980	9318
2926	55794
3921	6160
23451	6421
3572	8543
1615	4141
5430	5469
9282	9968
4088	8312
10212	60
2961	5433
65005	740
1499	1500
142	5982
5701	5718
8408	9776
54806	9001
7421	9443
10362	7764
387680	9181
6138	6152
3621	6599
10284	51742
153	9495
3608	6633
3312	6421
2968	5437
1326	5971
5422	6118
4691	4841
3551	6885
1789	8467
1107	6908
4851	5469
10576	7203
3303	8467
140735	8655
1791	8338
10992	9689
26009	6871
54623	9646
2068	2961
23451	7913
4728	55967
6147	6217
4539	4704
118813	8766
2175	6119
10250	988
1778	27316
3735	5917
27335	8664
3065	8189
4751	79858
10369	2891
23451	51503
6874	6881
1778	23451
51642	57129
4722	4731
128866	92421
5725	58155
10111	11073
23451	6427
3024	4001
79718	90665
4736	6234
10363	7750
1759	3312
3312	9688
3608	8493
2771	7852
23398	25949
5356	6421
1017	5422
3312	5611
128312	4869
10213	5708
29079	90665
6601	6908
5422	7150
23307	9897
6182	65008
10787	55845
1387	2071
4361	580
8826	9111
55112	6993
85440	8546
23404	51010
5901	6599
140836	8841
5966	5971
23649	5982
10985	10992
10111	54386
6443	6444
832	9181
5430	8850
5977	6598
10146	57819
6632	8487
2068	2071
10474	2956
112885	3065
6141	6222
11335	3309
27097	2956
641	7158
128869	51604
4723	4731
4719	55967
55294	8517
219541	9440
1915	9782
118460	56915
23398	51340
6132	6156
330	7132
30836	8349
10575	6950
1024	6597
6603	9219
26228	6502
10250	8493
8737	8772
3312	9475
10318	330
2959	5439
55361	829
220988	3178
10239	55330
4695	4723
5704	5705
7307	84292
4297	5901
6427	6925
23451	9188
6598	8189
6158	6232
22914	79465
6154	6230
142	7155
387680	85440
5700	5706
11143	27154
10985	6633
54797	9443
23338	27154
79019	8451
11091	11168
5715	5719
9412	9440
5290	5295
1973	5519
10574	10576
57129	64983
51317	5931
4141	7965
2648	51562
2033	7157
2811	3674
4705	4723
3646	8661
4361	672
4698	4726
54386	7014
23113	7157
10189	220988
5705	5719
1152	3609
10284	29079
25978	51652
9627	9896
5705	5715
1616	55929
7465	8945
1650	84061
4001	60
10947	1176
4704	4714
1642	9782
6160	6204
23404	51013
60	6632
3065	3303
23199	3065
167227	23644
23532	6923
6169	6201
10947	55330
5356	6427
10616	8517
22907	4869
8467	9343
64981	9553
4001	79718
6598	6605
6709	9111
5928	6605
23020	51366
128866	51510
6990	8655
1147	8717
4691	7088
1981	3303
2068	2962
6599	8932
23524	6627
6421	7153
3981	7520
55689	6871
5711	5719
207	2177
7913	9031
140836	90665
3516	904
10592	9918
123169	54623
122704	79590
1108	60
10146	51691
3303	7764
2647	388552
3187	6636
1326	4792
2782	695
7416	857
5430	6714
6129	6201
3024	7067
5901	6595
10250	10992
2734	6207
55596	8899
10921	4116
10059	8772
4869	7153
4683	7158
55120	6118
6156	6208
5701	5708
11140	9406
1025	51763
3753	3757
4704	4724
10262	84844
10228	8673
51317	7750
4728	51079
2876	8991
7014	7520
4216	8312
10213	5713
1025	11198
6125	6228
6156	6234
4297	5931
9328	9329
400569	55588
5710	5717
140735	83658
5983	5985
2959	5430
23199	7750
10250	5591
23028	6878
11140	2010
10213	5715
5144	9590
1176	2647
1654	6207
1605	8910
2966	5437
10213	5707
29899	4926
3183	60625
3312	5217
54534	65008
2588	2720
6139	6142
22913	23020
5706	5709
220988	51340
3303	4842
5595	9759
7421	9441
140809	5052
374291	4714
6925	988
10239	63915
1785	832
374291	4712
6634	8487
6181	6191
5950	7276
1147	8518
23035	57599
6502	7465
11213	3654
6598	6880
10492	4904
1017	23649
51433	8697
2099	7416
10367	221154
5439	5440
6881	6883
10573	6150
53615	57459
330	7186
2968	5439
23239	7398
2074	23451
3191	6632
1778	6427
1654	5970
6873	6877
81929	84219
27316	6633
23397	9918
3066	6597
3364	5982
51138	9318
51503	6925
51691	6632
54797	81857
3192	9343
1024	9794
6158	6222
51503	6626
5889	7517
23386	6990
5873	94120
3309	988
1147	2969
7979	92105
25942	6878
9343	988
164	5045
26985	8546
200576	9627
2068	5430
1213	23307
10492	3178
113130	23047
23451	3312
1789	3065
6877	6882
6921	9978
11282	23443
3376	3735
2068	5436
1025	6830
6885	8717
116541	54148
3993	5584
1654	5971
2966	5438
55559	93323
650	657
2648	6881
53615	6908
5069	5553
5716	9861
6156	6204
1759	23191
142	4841
6124	6161
2960	2966
11198	6830
10973	51008
10992	4670
6632	6741
10558	55304
53981	5931
6257	9443
55212	583
3068	5934
23386	8655
1399	7456
10111	5932
10239	10947
2335	3694
6605	9219
10228	10490
5970	7528
7067	8826
26259	83987
6128	9020
57057	7088
10992	57703
114823	7979
4734	85440
6442	6443
5981	891
10456	5245
6015	84678
10362	112885
55696	6627
10111	4869
1603	6184
8905	8906
3190	9406
10073	5901
23451	56949
83743	8450
29915	4221
23186	84661
22894	23016
10236	3192
8289	9219
2969	7750
23649	5984
55656	7979
10111	4841
3696	7040
2908	3192
23028	8189
7153	8493
5711	5718
3191	8826
29945	996
11154	23431
6634	9410
53981	8467
2547	54386
27044	6778
79577	80349
2811	7450
51147	64769
11169	5111
55304	9517
10212	2010
29079	400569
4728	4731
1108	8289
54468	79726
829	9897
2965	5434
25904	4849
29079	6599
3958	8487
116540	9553
3066	7750
10213	5704
4691	7155
1108	5977
23774	9767
2782	54331
23020	23451
329	7186
2033	6601
5931	9203
10992	3608
6872	6877
6015	6500
4539	4705
580	672
10284	90665
23644	80153
142	3309
4088	4089
10594	9782
7421	9968
3066	8841
5929	9343
10694	8195
23118	8737
6883	9343
7067	7531
8517	9020
1108	9203
10363	23186
10362	9203
2033	3065
2969	5966
3551	7186
23557	8120
5982	5983
30849	5289
10574	10694
4704	51103
22944	5111
8819	9219
1408	6500
1937	988
6633	6925
282991	8546
2068	5435
221154	91689
5713	5715
7421	9969
1108	2969
4436	7157
51073	84545
2967	6908
5977	6603
53981	6595
6880	6908
8674	9341
1174	8905
6830	904
10815	594855
3065	9343
1147	6207
51010	56915
11224	23521
4641	9031
6134	6160
53632	5565
60	6603
23028	7764
22938	9343
4001	8539
11171	11218
1915	3192
3303	6045
10284	8841
51520	5917
10594	5211
6257	7068
1789	24137
3376	5859
2547	4683
10815	6804
2720	4758
6874	6878
6749	79682
4846	857
1108	6599
2967	5433
6167	6168
2483	9410
4087	9372
388552	8120
5216	71
6500	84678
57459	60
25855	51742
5700	5708
6132	6207
10262	5356
22828	988
5810	5984
2176	7156
10213	5718
123016	585
114294	51258
3065	9111
4792	8517
4848	9125
5469	7421
55794	60493
1778	3608
10474	6871
3621	6598
6628	79760
6502	8607
4717	4725
10569	3178
6872	9343
6233	9045
10362	23186
9689	9814
1654	4790
4791	4794
5438	6908
84292	9410
6442	8082
2185	3690
3312	573
6616	6844
23450	9092
1915	51366
3320	6124
5709	5718
8454	997
1759	6854
246175	25904
2010	5934
1107	8189
6634	988
30011	6456
11091	1642
2017	5829
2068	2966
10694	22948
60	8607
11339	54069
83657	8655
1408	8454
153	5576
3688	8829
2058	9255
5450	5451
2975	9330
2068	5437
118813	25923
3303	57332
1003	50855
8661	8662
10992	6627
1937	51366
5934	8826
4193	7874
27241	585
2114	3725
3065	6709
4436	988
10980	10987
2010	3190
23587	54859
27339	6632
5422	5982
23481	55759
2324	3791
4851	7528
23028	5928
5591	6627
23186	51317
10236	1660
2782	773
5984	890
3736	57142
11171	6626
2966	5431
5202	6502
1655	4116
10482	5976
10474	27097
5706	5711
5718	5719
6950	7203
6714	8850
11335	8451
4719	4729
4712	51103
10847	6599
57332	6045
129880	585
29780	87
3065	6605
22868	55794
2033	5934
2956	5888
27316	6627
23190	7415
65109	65110
1499	324
5604	8649
64979	65003
6873	6878
27101	6500
1107	4297
5439	6908
64601	84376
5966	6128
6603	8289
5977	60
2033	904
10189	4670
6147	7311
196528	6598
1000	1499
28977	6150
2648	2956
5591	6427
4087	6597
10291	26986
1615	5917
23354	55559
1656	80153
1147	3551
5928	6880
6138	6233
8664	8667
1654	4791
